-2.100965152839078248e-12 1.198406476614755030e-11 -1.000000000000000000e+00
5.289932507526728124e-11 5.785549622363797750e-11 -1.000000000000000000e+00
-3.437150912082152968e-09 -1.465131522076139414e-09 -1.000000000000000000e+00
-1.601593072207697941e-07 -7.923159654717656849e-08 -9.999999999999840128e-01
4.621876525230124484e-06 7.168362279163611100e-06 -9.999999999636264292e-01
-1.790600743586935563e-04 3.679748980753315738e-04 -9.999999162659786167e-01
1.618407613152109473e-02 -9.399533512182518466e-03 -9.998248468854544768e-01
-3.278533866495634830e-01 1.450387094286682832e-01 -9.335287513674541682e-01
4.636256468084509752e-01 -2.916726427862876658e-04 -8.860311363312888266e-01
-5.519150200056753830e-01 -1.610601107028057476e-05 -8.339003600147510964e-01
6.235524386644718531e-01 -1.838125147053262048e-07 -7.817815271772262653e-01
6.838072063842453030e-01 5.145142185384792336e-08 -7.296627333891814171e-01
7.354822716377217295e-01 1.112017881739169074e-09 -6.775439676556912483e-01
7.802841265518185576e-01 -2.149958951627850049e-10 -6.254252008444060040e-01
-8.193410355978772985e-01 -1.487633673760837695e-11 -5.733064341043085932e-01
8.534420984364502472e-01 3.384261228467513038e-11 -5.211876673678956795e-01
-8.831615743796595863e-01 -3.412386479810432408e-11 -4.690689006310703180e-01
9.089293624069454403e-01 3.380187745845306076e-11 -4.169501338943347735e-01
-9.310736133829504713e-01 -1.690376492288354438e-11 -3.648313671575075245e-01
9.498477928269299930e-01 -1.656161781640910393e-11 -3.127126004205931231e-01
-9.654485247002571047e-01 -1.688129812548164500e-11 -2.605938336839479508e-01
9.780276818482327439e-01 -1.658562375106835860e-11 -2.084750669470382400e-01
-9.877007175174814524e-01 1.687454917035822324e-11 -1.563563002102964228e-01
9.945524302998457467e-01 1.653146461444201344e-11 -1.042375334736508619e-01
-9.986408934916657376e-01 -1.687095862082347043e-11 -5.211876673682537542e-02
1.000000000000000000e+00 1.652609092600040189e-11 -9.008887725960534351e-14
-9.986408934916704006e-01 -1.687095862082355121e-11 5.211876673673546817e-02
9.945524302998646204e-01 1.653058127443647387e-11 1.042375334734712278e-01
-9.877007175174671305e-01 1.687586505205161152e-11 1.563563002103866839e-01
9.780276818481966616e-01 -1.657780578333976419e-11 2.084750669472073270e-01
-9.654485247002814186e-01 -1.688344185184449529e-11 2.605938336838578007e-01
9.498477928268705961e-01 -1.656077418209648013e-11 3.127126004207733678e-01
-9.310736133829852212e-01 -1.689508184823330761e-11 3.648313671574189287e-01
9.089293624070066135e-01 -1.751763968250297717e-11 4.169501338942014357e-01
-8.831615743797042173e-01 1.748018252563711505e-11 4.690689006309862741e-01
8.534420984365603813e-01 1.662823120364134115e-11 5.211876673677153793e-01
-8.193410355981567417e-01 6.589978093028692515e-12 5.733064341039092460e-01
7.802841265602430409e-01 1.070253599282691990e-10 6.254252008338955227e-01
7.354822717886365657e-01 -4.479558886393608030e-10 6.775439674918714017e-01
6.838072066052283127e-01 -1.562658494000742075e-08 7.296627331820876305e-01
-6.235524368801313999e-01 -1.177749044722382885e-07 7.817815286004370368e-01
5.519158703096924690e-01 -4.453115169256641718e-06 8.338997973860315938e-01
-4.636271641190775061e-01 3.447712585073558307e-05 8.860303897170964671e-01
-3.467663054724954286e-01 6.533331368828432933e-03 9.379288059176885683e-01
-7.059220600759862074e-02 -1.232626797193552559e-01 9.898601175112493600e-01
1.902407796455405807e-03 4.893250843515388644e-03 9.999862183754125722e-01
-6.783447030030511672e-06 -5.266719752956156607e-06 9.999999999631232761e-01
-1.471674012951433719e-07 -1.014781294961191966e-07 9.999999999999840128e-01
1.914242493352463685e-09 3.197370923446487371e-09 1.000000000000000000e+00
-2.853045942631771493e-11 7.247315325594263261e-11 1.000000000000000000e+00
1.596963761758215531e-12 3.250031832316380287e-13 1.000000000000000000e+00
3.439099374631415145e-11 6.974225183416321588e-11 1.000000000000000000e+00
-1.092573043709054348e-10 -3.727623976742810844e-09 1.000000000000000000e+00
-1.535999473724577563e-08 -1.780640500221803468e-07 9.999999999999840128e-01
5.036717892711218509e-06 6.944774149297849942e-06 9.999999999632007697e-01
4.130783013931090290e-04 -2.537214339413305808e-05 9.999999143612819941e-01
-1.647361990523888223e-02 1.115287176450563238e-02 9.998020970665255636e-01
2.818095682652389522e-01 2.016942478219880541e-01 9.380313414964779328e-01
4.636413105034805637e-01 4.588639373911228411e-04 8.860228691396752065e-01
-5.519150125280942731e-01 1.607899255467864577e-05 8.339003649642920957e-01
6.235524386644497596e-01 1.838134782095194425e-07 7.817815271772439178e-01
6.838072063842225434e-01 -5.145218302186401001e-08 7.296627333892027334e-01
7.354822716378295322e-01 -1.114750210552487793e-09 6.775439676555743418e-01
7.802841265515902958e-01 2.089247244081396262e-10 6.254252008446907762e-01
-8.193410355975615511e-01 -2.471314252932208180e-11 5.733064341047597878e-01
8.534420984365053142e-01 -1.718880681562794302e-11 5.211876673678056404e-01
-8.831615743796599194e-01 1.691070445826727357e-11 4.690689006310698184e-01
9.089293624069868516e-01 -1.705782441007445384e-11 4.169501338942444568e-01
-9.310736133829502492e-01 1.689944469294954586e-11 3.648313671575082462e-01
9.498477928269003501e-01 1.699182652750834233e-11 3.127126004206828846e-01
-9.654485247002571047e-01 1.688172687075413040e-11 2.605938336839478398e-01
9.780276818482148693e-01 1.661049320019360718e-11 2.084750669471219786e-01
-9.877007175174814524e-01 -1.687367191589580283e-11 1.563563002102963118e-01
9.945524302998550725e-01 -1.715125309373396774e-11 1.042375334735613224e-01
-9.986408934916657376e-01 1.687075973165289789e-11 5.211876673682550032e-02
1.000000000000000000e+00 -1.693786721311093711e-11 2.832769448823989808e-16
-9.986408934916704006e-01 1.687164670294360584e-11 -5.211876673673557225e-02
9.945524302998551835e-01 -1.680384266191833445e-11 -1.042375334735609754e-01
-9.877007175174671305e-01 -1.687518450791595667e-11 -1.563563002103867672e-01
9.780276818482147583e-01 1.718973763608727413e-11 -2.084750669471227280e-01
-9.654485247002815296e-01 1.688129812548207151e-11 -2.605938336838574676e-01
9.498477928269001280e-01 1.717871124374820440e-11 -3.127126004206836063e-01
-9.310736133829853323e-01 1.689260096976163228e-11 -3.648313671574185957e-01
9.089293624069870736e-01 -3.405421903303356166e-11 -4.169501338942439572e-01
-8.831615743797079920e-01 3.412251230020229119e-11 -4.690689006309793352e-01
8.534420984365058693e-01 -3.435673178756905078e-11 -5.211876673678047522e-01
-8.193410355975119241e-01 1.140603584436522160e-11 -5.733064341048307311e-01
7.802841265604092413e-01 -9.826471175364494495e-11 -6.254252008336882440e-01
7.354822717886544403e-01 4.501319471312250635e-10 -6.775439674918519728e-01
6.838072066052223175e-01 1.562609117030751783e-08 -7.296627331820932927e-01
-6.235524368800927641e-01 1.177760111689416168e-07 -7.817815286004677899e-01
5.519158703096490592e-01 4.453115494123555281e-06 -8.338997973860603485e-01
-4.636271641191238024e-01 -3.447712615452180830e-05 -8.860303897170721532e-01
-3.467663054725280691e-01 -6.533331368897977998e-03 -9.379288059176760228e-01
-7.059220601763914471e-02 1.232626797175064015e-01 -9.898601175107635264e-01
1.902407794563763148e-03 -4.893250844378114334e-03 -9.999862183754120171e-01
-6.783447051054506392e-06 5.266719773525474205e-06 -9.999999999631232761e-01
-1.471673054431850070e-07 1.014780634863851192e-07 -9.999999999999840128e-01
1.914244295207399412e-09 -3.197373936063500681e-09 -1.000000000000000000e+00
-2.866757939765578768e-11 -7.282146570324905219e-11 -1.000000000000000000e+00
1.192243990881271175e-11 -2.426373737372957929e-12 -1.000000000000000000e+00
