-1.000000000000000000e+01
-9.599999999999999645e+00
-9.199999999999999289e+00
-8.800000000000000711e+00
-8.400000000000000355e+00
-8.000000000000000000e+00
-7.599999999999999645e+00
-7.199999999999999289e+00
-6.799999999999999822e+00
-6.400000000000000355e+00
-6.000000000000000000e+00
-5.599999999999999645e+00
-5.199999999999999289e+00
-4.799999999999999822e+00
-4.399999999999999467e+00
-4.000000000000000000e+00
-3.599999999999999645e+00
-3.199999999999999289e+00
-2.799999999999999822e+00
-2.399999999999999467e+00
-2.000000000000000000e+00
-1.599999999999999645e+00
-1.199999999999999289e+00
-7.999999999999989342e-01
-3.999999999999985789e-01
0.000000000000000000e+00
4.000000000000003553e-01
8.000000000000007105e-01
1.200000000000001066e+00
1.600000000000001421e+00
2.000000000000000000e+00
2.400000000000000355e+00
2.800000000000000711e+00
3.200000000000001066e+00
3.600000000000001421e+00
4.000000000000000000e+00
4.400000000000000355e+00
4.800000000000000711e+00
5.200000000000001066e+00
5.600000000000001421e+00
6.000000000000000000e+00
6.400000000000002132e+00
6.800000000000000711e+00
7.199999999999999289e+00
7.600000000000001421e+00
8.000000000000000000e+00
8.400000000000002132e+00
8.800000000000000711e+00
9.200000000000002842e+00
9.600000000000001421e+00
1.000000000000000000e+01
9.599999999999999645e+00
9.199999999999999289e+00
8.800000000000000711e+00
8.400000000000000355e+00
8.000000000000000000e+00
7.599999999999999645e+00
7.199999999999999289e+00
6.799999999999999822e+00
6.400000000000000355e+00
6.000000000000000000e+00
5.599999999999999645e+00
5.199999999999999289e+00
4.799999999999999822e+00
4.399999999999999467e+00
4.000000000000000000e+00
3.599999999999999645e+00
3.199999999999999289e+00
2.799999999999999822e+00
2.399999999999999467e+00
2.000000000000000000e+00
1.599999999999999645e+00
1.199999999999999289e+00
7.999999999999989342e-01
3.999999999999985789e-01
0.000000000000000000e+00
-4.000000000000003553e-01
-8.000000000000007105e-01
-1.200000000000001066e+00
-1.600000000000001421e+00
-2.000000000000000000e+00
-2.400000000000000355e+00
-2.800000000000000711e+00
-3.200000000000001066e+00
-3.600000000000001421e+00
-4.000000000000000000e+00
-4.400000000000000355e+00
-4.800000000000000711e+00
-5.200000000000001066e+00
-5.600000000000001421e+00
-6.000000000000000000e+00
-6.400000000000002132e+00
-6.800000000000000711e+00
-7.199999999999999289e+00
-7.600000000000001421e+00
-8.000000000000000000e+00
-8.400000000000002132e+00
-8.800000000000000711e+00
-9.200000000000002842e+00
-9.600000000000001421e+00
-1.000000000000000000e+01
