0.000000000000000000e+00 1.000000000000000006e-150 0.000000000000000000e+00 1.000000000000000000e+00 -9.999500004166652634e-01 -9.999833334166329663e-03 6.123233995736766036e-17
1.999999999999999960e-12 1.000000000000000006e-150 0.000000000000000000e+00 1.000000000000000000e+00 -9.999494262997815630e-01 -1.005700669541212400e-02 -3.819772247634990508e-05
3.999999999999999920e-12 1.000000000000000006e-150 0.000000000000000000e+00 1.000000000000000000e+00 -9.999477083294875390e-01 -1.022618570146964501e-02 -7.571397060866738463e-05
6.000000000000000283e-12 1.000000000000000006e-150 0.000000000000000000e+00 1.000000000000000000e+00 -9.999448038880484058e-01 -1.050601779669626742e-02 -1.129926896550106355e-04
7.999999999999999839e-12 1.000000000000000006e-150 0.000000000000000000e+00 1.000000000000000000e+00 -9.999406207124913459e-01 -1.089644025550949927e-02 -1.504622072074822078e-04
1.000000000000000101e-11 1.000000000000000006e-150 0.000000000000000000e+00 1.000000000000000000e+00 -9.999350155969174425e-01 -1.139864183399719871e-02 -1.885405335238155477e-04
1.200000000000000057e-11 1.000000000000000006e-150 0.000000000000000000e+00 1.000000000000000000e+00 -9.999277908939030457e-01 -1.201503965416998547e-02 -2.276403914601439048e-04
1.400000000000000012e-11 1.000000000000000006e-150 0.000000000000000000e+00 1.000000000000000000e+00 -9.999186887850346483e-01 -1.274927061053568456e-02 -2.681740411150957413e-04
1.599999999999999968e-11 1.000000000000000006e-150 0.000000000000000000e+00 1.000000000000000000e+00 -9.999073831926629241e-01 -1.360619677039297606e-02 -3.105579601606937249e-04
1.799999999999999923e-11 1.000000000000000006e-150 0.000000000000000000e+00 1.000000000000000000e+00 -9.998934691068890324e-01 -1.459192440916733460e-02 -3.552174375476241743e-04
2.000000000000000202e-11 1.000000000000000006e-150 0.000000000000000000e+00 1.000000000000000000e+00 -9.998764489992698623e-01 -1.571383648215832554e-02 -4.025911357587362246e-04
2.200000000000000158e-11 1.000000000000000006e-150 0.000000000000000000e+00 1.000000000000000000e+00 -9.998557158833821790e-01 -1.698063848591382236e-02 -4.531356750488940255e-04
2.400000000000000113e-11 1.000000000000000006e-150 0.000000000000000000e+00 1.000000000000000000e+00 -9.998305324577795306e-01 -1.840241780766446039e-02 -5.073302921026677471e-04
2.600000000000000069e-11 1.000000000000000006e-150 0.000000000000000000e+00 1.000000000000000000e+00 -9.998000056241648226e-01 -1.999071680102673318e-02 -5.656816252482466849e-04
2.800000000000000024e-11 1.000000000000000006e-150 0.000000000000000000e+00 1.000000000000000000e+00 -9.997630555074648040e-01 -2.175861996143654484e-02 -6.287286787930150165e-04
2.999999999999999980e-11 1.000000000000000006e-150 0.000000000000000000e+00 1.000000000000000000e+00 -9.997183779088100186e-01 -2.372085570621065495e-02 -6.970480202577921053e-04
3.199999999999999936e-11 1.000000000000000006e-150 0.000000000000000000e+00 1.000000000000000000e+00 -9.996643988901460220e-01 -2.589391339190080799e-02 -7.712592662620927197e-04
3.399999999999999891e-11 1.000000000000000006e-150 0.000000000000000000e+00 1.000000000000000000e+00 -9.995992199119945187e-01 -2.829617632562439131e-02 -8.520309156659547746e-04
3.599999999999999847e-11 1.000000000000000006e-150 0.000000000000000000e+00 1.000000000000000000e+00 -9.995205516139122892e-01 -3.094807164621426326e-02 -9.400865924318035092e-04
3.799999999999999802e-11 1.000000000000000006e-150 0.000000000000000000e+00 1.000000000000000000e+00 -9.994256339286664570e-01 -3.387223806393658415e-02 -1.036211765616707392e-03
4.000000000000000404e-11 1.000000000000000006e-150 0.000000000000000000e+00 1.000000000000000000e+00 -9.993111397419937036e-01 -3.709371255134285422e-02 -1.141261020124651696e-03
4.200000000000000360e-11 1.000000000000000006e-150 0.000000000000000000e+00 1.000000000000000000e+00 -9.991730587330791558e-01 -4.064013716837564655e-02 -1.256165959721096490e-03
4.400000000000000315e-11 1.000000000000000006e-150 0.000000000000000000e+00 1.000000000000000000e+00 -9.990065573361914808e-01 -4.454198727641164868e-02 -1.381943833490062402e-03
4.600000000000000271e-11 1.000000000000000006e-150 0.000000000000000000e+00 1.000000000000000000e+00 -9.988058099266443612e-01 -4.883282243990916954e-02 -1.519706988961695964e-03
4.800000000000000227e-11 1.000000000000000006e-150 0.000000000000000000e+00 1.000000000000000000e+00 -9.985637953247429310e-01 -5.354956131911224604e-02 -1.670673270103732689e-03
5.000000000000000182e-11 1.000000000000000006e-150 0.000000000000000000e+00 1.000000000000000000e+00 -9.982720514937032386e-01 -5.873278180669441739e-02 -1.836177496966951350e-03
5.200000000000000138e-11 1.000000000000000006e-150 0.000000000000000000e+00 1.000000000000000000e+00 -9.979203798383226021e-01 -6.442704753330917578e-02 -2.017684187043925544e-03
5.400000000000000093e-11 1.000000000000000006e-150 0.000000000000000000e+00 1.000000000000000000e+00 -9.974964887378653389e-01 -7.068126163148966135e-02 -2.216801707565551303e-03
5.600000000000000049e-11 1.000000000000000006e-150 0.000000000000000000e+00 1.000000000000000000e+00 -9.969855638055389324e-01 -7.754904826360051184e-02 -2.435298084698798559e-03
5.800000000000000005e-11 1.000000000000000006e-150 0.000000000000000000e+00 1.000000000000000000e+00 -9.963697497809199666e-01 -8.508916183170675551e-02 -2.675118742147391485e-03
5.999999999999999960e-11 1.000000000000000006e-150 0.000000000000000000e+00 1.000000000000000000e+00 -9.956275258370880232e-01 -9.336592292027733053e-02 -2.938406500722860054e-03
6.200000000000000562e-11 1.000000000000000006e-150 0.000000000000000000e+00 1.000000000000000000e+00 -9.947329523075034707e-01 -1.024496787737323861e-01 -3.227524245766920982e-03
6.399999999999999871e-11 1.000000000000000006e-150 0.000000000000000000e+00 1.000000000000000000e+00 -9.936547622709976935e-01 -1.124172843406765349e-01 -3.545080765563922084e-03
6.600000000000000473e-11 1.000000000000000006e-150 0.000000000000000000e+00 1.000000000000000000e+00 -9.923552659096536166e-01 -1.233525974346861426e-01 -3.893960387201115484e-03
6.799999999999999782e-11 1.000000000000000006e-150 0.000000000000000000e+00 1.000000000000000000e+00 -9.907890288718516070e-01 -1.353469781066602151e-01 -4.277357194381290438e-03
7.000000000000000384e-11 1.000000000000000006e-150 0.000000000000000000e+00 1.000000000000000000e+00 -9.889012777879854221e-01 -1.484997775373020079e-01 -4.698814814555610404e-03
7.199999999999999694e-11 1.000000000000000006e-150 0.000000000000000000e+00 1.000000000000000000e+00 -9.866259763080755807e-01 -1.629187951446273430e-01 -5.162273022584603667e-03
7.400000000000000295e-11 1.000000000000000006e-150 0.000000000000000000e+00 1.000000000000000000e+00 -9.838835032143463666e-01 -1.787206734719887224e-01 -5.672122740577872392e-03
7.599999999999999605e-11 1.000000000000000006e-150 0.000000000000000000e+00 1.000000000000000000e+00 -9.805778499081928556e-01 -1.960311878161668520e-01 -6.233271437055509269e-03
7.800000000000000207e-11 1.000000000000000006e-150 0.000000000000000000e+00 1.000000000000000000e+00 -9.765932374317780607e-01 -2.149853701230693692e-01 -6.851221465230200938e-03
8.000000000000000808e-11 1.000000000000000006e-150 0.000000000000000000e+00 1.000000000000000000e+00 -9.717900326870511085e-01 -2.357273825146892210e-01 -7.532164554340249098e-03
8.200000000000000118e-11 1.000000000000000006e-150 0.000000000000000000e+00 1.000000000000000000e+00 -9.659998192207440715e-01 -2.584100222084727005e-01 -8.283096504709330093e-03
8.400000000000000720e-11 1.000000000000000006e-150 0.000000000000000000e+00 1.000000000000000000e+00 -9.590194495730597346e-01 -2.831936926863891646e-01 -9.111957157070265170e-03
8.600000000000000029e-11 1.000000000000000006e-150 0.000000000000000000e+00 1.000000000000000000e+00 -9.506038738670044008e-01 -3.102446102316137599e-01 -1.002780191658430783e-02
8.800000000000000631e-11 1.000000000000000006e-150 0.000000000000000000e+00 1.000000000000000000e+00 -9.404575040508470485e-01 -3.397319224296315721e-01 -1.104101248608366399e-02
8.999999999999999940e-11 1.000000000000000006e-150 0.000000000000000000e+00 1.000000000000000000e+00 -9.282238377651133021e-01 -3.718232845213561566e-01 -1.216355590916463197e-02
9.200000000000000542e-11 1.000000000000000006e-150 0.000000000000000000e+00 1.000000000000000000e+00 -9.134730363291919675e-01 -4.066782542880775786e-01 -1.340930232071850005e-02
9.399999999999999851e-11 1.000000000000000006e-150 0.000000000000000000e+00 1.000000000000000000e+00 -8.956871402577519792e-01 -4.444386033368045164e-01 -1.479441248987702420e-02
9.600000000000000453e-11 1.000000000000000006e-150 0.000000000000000000e+00 1.000000000000000000e+00 -8.742426369237324968e-01 -4.852142700896071581e-01 -1.633780542326470145e-02
9.799999999999999762e-11 1.000000000000000006e-150 0.000000000000000000e+00 1.000000000000000000e+00 -8.483902129728171371e-01 -5.290631541512759162e-01 -1.806171230645118794e-02
1.000000000000000036e-10 1.000000000000000006e-150 0.000000000000000000e+00 1.000000000000000000e+00 -8.172318096953788968e-01 -5.759622180732335561e-01 -1.999231287713095287e-02
1.019999999999999967e-10 1.000000000000000006e-150 0.000000000000000000e+00 1.000000000000000000e+00 -7.796956965074760548e-01 -6.257663591564948113e-01 -2.216042860024731304e-02
1.040000000000000028e-10 1.000000000000000006e-150 0.000000000000000000e+00 1.000000000000000000e+00 -7.345114357477393607e-01 -6.781501915419136939e-01 -2.460220452439689648e-02
1.060000000000000088e-10 1.000000000000000006e-150 0.000000000000000000e+00 1.000000000000000000e+00 -6.801887526646446247e-01 -7.325262529305673898e-01 -2.735963296569043565e-02
1.080000000000000019e-10 1.000000000000000006e-150 0.000000000000000000e+00 1.000000000000000000e+00 -6.150081293233771174e-01 -7.879314258988713293e-01 -3.048063232827798175e-02
1.100000000000000079e-10 1.000000000000000006e-150 0.000000000000000000e+00 1.000000000000000000e+00 -5.370374374658054561e-01 -8.428722060954118023e-01 -3.401815621127404071e-02
1.120000000000000010e-10 1.000000000000000006e-150 0.000000000000000000e+00 1.000000000000000000e+00 -4.441994665517498553e-01 -8.951205220671292206e-01 -3.802742286049724113e-02
1.140000000000000070e-10 1.000000000000000006e-150 0.000000000000000000e+00 1.000000000000000000e+00 -3.344310464368649427e-01 -9.414587300622215826e-01 -4.255977876789966002e-02
1.160000000000000001e-10 1.000000000000000006e-150 0.000000000000000000e+00 1.000000000000000000e+00 -2.059952311880429709e-01 -9.773921172144395264e-01 -4.765095943273321005e-02
1.180000000000000061e-10 1.000000000000000006e-150 0.000000000000000000e+00 1.000000000000000000e+00 -5.802765710732712967e-02 -9.968910746530991185e-01 -5.330080944623176442e-02
1.199999999999999992e-10 1.000000000000000006e-150 0.000000000000000000e+00 1.000000000000000000e+00 1.086032179927883534e-01 -9.923064228100757500e-01 -5.944160404533146980e-02
1.219999999999999923e-10 1.000000000000000006e-150 0.000000000000000000e+00 1.000000000000000000e+00 2.901099720520092240e-01 -9.547220027498335426e-01 -6.589462482880803496e-02
1.240000000000000112e-10 1.000000000000000006e-150 0.000000000000000000e+00 1.000000000000000000e+00 4.784677079262453780e-01 -8.751217937645804357e-01 -7.232218573901348646e-02
1.260000000000000043e-10 1.000000000000000006e-150 0.000000000000000000e+00 1.000000000000000000e+00 6.605472864230259589e-01 -7.467011295549813576e-01 -7.819658253716682550e-02
1.279999999999999974e-10 1.000000000000000006e-150 0.000000000000000000e+00 1.000000000000000000e+00 8.187251071677699166e-01 -5.681808372005885399e-01 -8.282351798349246730e-02
1.300000000000000164e-10 1.000000000000000006e-150 0.000000000000000000e+00 1.000000000000000000e+00 9.339764665536357535e-01 -3.469655266743883471e-01 -8.545690857707008425e-02
1.320000000000000095e-10 1.000000000000000006e-150 0.000000000000000000e+00 1.000000000000000000e+00 9.913078487406797867e-01 -9.999250548212365586e-02 -8.549998755867199707e-02
1.340000000000000026e-10 1.000000000000000006e-150 0.000000000000000000e+00 1.000000000000000000e+00 9.853000524214571287e-01 1.494744610782220706e-01 -8.271149970620104985e-02
1.359999999999999956e-10 1.000000000000000006e-150 0.000000000000000000e+00 1.000000000000000000e+00 9.224243480024948427e-01 3.783633831533296799e-01 -7.729471198561292666e-02
1.380000000000000146e-10 1.000000000000000006e-150 0.000000000000000000e+00 1.000000000000000000e+00 8.185240737207196693e-01 5.702148996311998674e-01 -6.980908951002412488e-02
1.400000000000000077e-10 1.000000000000000006e-150 0.000000000000000000e+00 1.000000000000000000e+00 6.931987742319947188e-01 7.181633520771357748e-01 -6.096604904856415402e-02
1.420000000000000008e-10 1.000000000000000006e-150 0.000000000000000000e+00 1.000000000000000000e+00 5.644486666887373882e-01 8.238644493005785607e-01 -5.143026202500926292e-02
1.439999999999999939e-10 1.000000000000000006e-150 0.000000000000000000e+00 1.000000000000000000e+00 4.457347883730194971e-01 8.941929974758664468e-01 -4.170589525696147271e-02
1.460000000000000128e-10 1.000000000000000006e-150 0.000000000000000000e+00 1.000000000000000000e+00 3.455193329468922991e-01 9.378620360184616311e-01 -3.211217767826349961e-02
1.480000000000000059e-10 1.000000000000000006e-150 0.000000000000000000e+00 1.000000000000000000e+00 2.682372706747906399e-01 9.630827427783638095e-01 -2.281221566273402418e-02
1.499999999999999990e-10 1.000000000000000006e-150 0.000000000000000000e+00 1.000000000000000000e+00 2.156636167781327829e-01 9.763693640201637214e-01 -1.385891052845607610e-02
1.519999999999999921e-10 1.000000000000000006e-150 0.000000000000000000e+00 1.000000000000000000e+00 1.880912122773142070e-01 9.821375985269267250e-01 -5.237692603796858387e-03
1.540000000000000110e-10 1.000000000000000006e-150 0.000000000000000000e+00 1.000000000000000000e+00 1.851209494992133442e-01 9.827108538029655227e-01 3.100302300752624720e-03
1.560000000000000041e-10 1.000000000000000006e-150 0.000000000000000000e+00 1.000000000000000000e+00 2.060636011772500609e-01 9.784743468237656616e-01 1.121360235020380132e-02
1.579999999999999972e-10 1.000000000000000006e-150 0.000000000000000000e+00 1.000000000000000000e+00 2.500118461342049070e-01 9.680533692799019319e-01 1.915074459117554681e-02
1.600000000000000162e-10 1.000000000000000006e-150 0.000000000000000000e+00 1.000000000000000000e+00 3.156392694250311215e-01 9.484969813009812567e-01 2.693191526346717241e-02
1.620000000000000093e-10 1.000000000000000006e-150 0.000000000000000000e+00 1.000000000000000000e+00 4.007742620080376739e-01 9.155259245243185795e-01 3.452929822345655875e-02
1.640000000000000024e-10 1.000000000000000006e-150 0.000000000000000000e+00 1.000000000000000000e+00 5.018156721858848535e-01 8.639617864870746677e-01 4.184570036085977912e-02
1.659999999999999954e-10 1.000000000000000006e-150 0.000000000000000000e+00 1.000000000000000000e+00 6.131264735967684176e-01 7.884825670131158093e-01 4.869464951304885991e-02
1.680000000000000144e-10 1.000000000000000006e-150 0.000000000000000000e+00 1.000000000000000000e+00 7.266623172822495036e-01 6.848064716862284351e-01 5.479026353879096894e-02
1.700000000000000075e-10 1.000000000000000006e-150 0.000000000000000000e+00 1.000000000000000000e+00 8.322097215621946376e-01 5.512311071784804506e-01 5.975990140688881153e-02
1.720000000000000006e-10 1.000000000000000006e-150 0.000000000000000000e+00 1.000000000000000000e+00 9.185864877991861688e-01 3.901354019671686157e-01 6.319202928116270102e-02
1.739999999999999937e-10 1.000000000000000006e-150 0.000000000000000000e+00 1.000000000000000000e+00 9.758293127407640100e-01 2.087306515361143922e-01 6.471991583119925118e-02
1.760000000000000126e-10 1.000000000000000006e-150 0.000000000000000000e+00 1.000000000000000000e+00 9.977734284036892110e-01 1.835517655602615303e-02 6.411920979819842048e-02
1.780000000000000057e-10 1.000000000000000006e-150 0.000000000000000000e+00 1.000000000000000000e+00 9.839084556845562046e-01 -1.677999999801204345e-01 6.137842323735114014e-02
1.799999999999999988e-10 1.000000000000000006e-150 0.000000000000000000e+00 1.000000000000000000e+00 9.395359188963418040e-01 -3.377227326196616253e-01 5.670637508706825175e-02
1.820000000000000177e-10 1.000000000000000006e-150 0.000000000000000000e+00 1.000000000000000000e+00 8.741397658364529200e-01 -4.830446701411598709e-01 5.047292770990572525e-02
1.840000000000000108e-10 1.000000000000000006e-150 0.000000000000000000e+00 1.000000000000000000e+00 7.988388112617232917e-01 -5.999980733694418866e-01 4.311456337381451565e-02
1.860000000000000039e-10 1.000000000000000006e-150 0.000000000000000000e+00 1.000000000000000000e+00 7.240664507898677549e-01 -6.888392254165326412e-01 3.504705933620054503e-02
1.879999999999999970e-10 1.000000000000000006e-150 0.000000000000000000e+00 1.000000000000000000e+00 6.581715770782535779e-01 -7.523974952325203081e-01 2.661173226518764520e-02
1.900000000000000160e-10 1.000000000000000006e-150 0.000000000000000000e+00 1.000000000000000000e+00 6.069897715279857220e-01 -7.945044396691913757e-01 1.805858816042604092e-02
1.920000000000000091e-10 1.000000000000000006e-150 0.000000000000000000e+00 1.000000000000000000e+00 5.740485884822277285e-01 -8.187654777107107318e-01 9.555656477366013951e-03
1.940000000000000022e-10 1.000000000000000006e-150 0.000000000000000000e+00 1.000000000000000000e+00 5.610132537799659147e-01 -8.278059323156696792e-01 1.211406703132516128e-03
1.959999999999999952e-10 1.000000000000000006e-150 0.000000000000000000e+00 1.000000000000000000e+00 5.680962145683789988e-01 -8.229332258698972558e-01 -6.899039965321414856e-03
1.980000000000000142e-10 1.000000000000000006e-150 0.000000000000000000e+00 1.000000000000000000e+00 5.942988827403759000e-01 -8.041097527764526909e-01 -1.470861867522803811e-02
2.000000000000000073e-10 1.000000000000000006e-150 0.000000000000000000e+00 1.000000000000000000e+00 6.374652211782245725e-01 -7.701610840366539534e-01 -2.213586284027094231e-02
2.020000000000000004e-10 1.000000000000000006e-150 0.000000000000000000e+00 1.000000000000000000e+00 6.942038861542784156e-01 -7.191912820800728801e-01 -2.906654826976648107e-02
2.039999999999999935e-10 1.000000000000000006e-150 0.000000000000000000e+00 1.000000000000000000e+00 7.597950976701215442e-01 -6.492013363042595797e-01 -3.534168215032078980e-02
2.060000000000000124e-10 1.000000000000000006e-150 0.000000000000000000e+00 1.000000000000000000e+00 8.282445582163844300e-01 -5.588827475706017456e-01 -4.075568982217649822e-02
2.080000000000000055e-10 1.000000000000000006e-150 0.000000000000000000e+00 1.000000000000000000e+00 8.926574778588526327e-01 -4.484767308725202684e-01 -4.506938083187927990e-02
2.099999999999999986e-10 1.000000000000000006e-150 0.000000000000000000e+00 1.000000000000000000e+00 9.460381434071817308e-01 -3.204745991545268069e-01 -4.804021768724568708e-02
2.120000000000000175e-10 1.000000000000000006e-150 0.000000000000000000e+00 1.000000000000000000e+00 9.824473774550218641e-01 -1.798616700359819964e-01 -4.946645513494309782e-02
2.140000000000000106e-10 1.000000000000000006e-150 0.000000000000000000e+00 1.000000000000000000e+00 9.982193730103536833e-01 -3.367696880499692486e-02 -4.923357714937622726e-02
2.160000000000000037e-10 1.000000000000000006e-150 0.000000000000000000e+00 1.000000000000000000e+00 9.927935641842067227e-01 1.100875203909178618e-01 -4.734634905247454839e-02
2.179999999999999968e-10 1.000000000000000006e-150 0.000000000000000000e+00 1.000000000000000000e+00 9.688037099900509430e-01 2.439041853761003964e-01 -4.393312947576477612e-02
2.200000000000000158e-10 1.000000000000000006e-150 0.000000000000000000e+00 1.000000000000000000e+00 9.313799672988262168e-01 3.619296777258376729e-01 -3.922072023444528321e-02
2.220000000000000089e-10 1.000000000000000006e-150 0.000000000000000000e+00 1.000000000000000000e+00 8.869621643672535027e-01 4.606261887341719374e-01 -3.349079326006344087e-02
2.240000000000000020e-10 1.000000000000000006e-150 0.000000000000000000e+00 1.000000000000000000e+00 8.420694637834124086e-01 5.386911427592353530e-01 -2.703462365681238294e-02
2.259999999999999951e-10 1.000000000000000006e-150 0.000000000000000000e+00 1.000000000000000000e+00 8.023701689983855356e-01 5.964874851602067762e-01 -2.011944205872346486e-02
2.280000000000000140e-10 1.000000000000000006e-150 0.000000000000000000e+00 1.000000000000000000e+00 7.721722904148023980e-01 6.352807954625834252e-01 -1.297169348949580268e-02
2.300000000000000071e-10 1.000000000000000006e-150 0.000000000000000000e+00 1.000000000000000000e+00 7.542682408762227952e-01 6.565409843420153546e-01 -5.775524626015642732e-03
2.320000000000000002e-10 1.000000000000000006e-150 0.000000000000000000e+00 1.000000000000000000e+00 7.499872899454732567e-01 6.614509252339910717e-01 1.318494346445895759e-03
2.340000000000000191e-10 1.000000000000000006e-150 0.000000000000000000e+00 1.000000000000000000e+00 7.593214272762148775e-01 6.506643245329024605e-01 8.179661322662856032e-03
2.360000000000000122e-10 1.000000000000000006e-150 0.000000000000000000e+00 1.000000000000000000e+00 7.810469228026034605e-01 6.242997074069006613e-01 1.468263301462889234e-02
2.380000000000000053e-10 1.000000000000000006e-150 0.000000000000000000e+00 1.000000000000000000e+00 8.128277518666034984e-01 5.821363689874277103e-01 2.069525785335375387e-02
2.399999999999999984e-10 1.000000000000000006e-150 0.000000000000000000e+00 1.000000000000000000e+00 8.513388503795173978e-01 5.239679828377390436e-01 2.607134049933819420e-02
2.419999999999999915e-10 1.000000000000000006e-150 0.000000000000000000e+00 1.000000000000000000e+00 8.924765872496246422e-01 4.500511979917047323e-01 3.065061822369416142e-02
2.439999999999999846e-10 1.000000000000000006e-150 0.000000000000000000e+00 1.000000000000000000e+00 9.317209401611940001e-01 3.615547355037219135e-01 3.426751960639098232e-02
2.460000000000000294e-10 1.000000000000000006e-150 0.000000000000000000e+00 1.000000000000000000e+00 9.646700905338894128e-01 2.608825243618181910e-01 3.676853154455625439e-02
2.480000000000000225e-10 1.000000000000000006e-150 0.000000000000000000e+00 1.000000000000000000e+00 9.876881329413683686e-01 1.517414867514063070e-01 3.803515801553600251e-02
2.500000000000000156e-10 1.000000000000000006e-150 0.000000000000000000e+00 1.000000000000000000e+00 9.985208779108979416e-01 3.887882208590095340e-02 3.800649377754318492e-02
2.520000000000000087e-10 1.000000000000000006e-150 0.000000000000000000e+00 1.000000000000000000e+00 9.966949169106655848e-01 -7.247606544631693404e-02 3.669417585752021704e-02
2.540000000000000018e-10 1.000000000000000006e-150 0.000000000000000000e+00 1.000000000000000000e+00 9.835611852855238313e-01 -1.773099684796641540e-01 3.418435135374028877e-02
2.559999999999999949e-10 1.000000000000000006e-150 0.000000000000000000e+00 1.000000000000000000e+00 9.619653393868449198e-01 -2.714493307594563754e-01 3.062591465728992102e-02
2.579999999999999879e-10 1.000000000000000006e-150 0.000000000000000000e+00 1.000000000000000000e+00 9.356585819523960401e-01 -3.519319436306281856e-01 2.620925544916625355e-02
2.600000000000000327e-10 1.000000000000000006e-150 0.000000000000000000e+00 1.000000000000000000e+00 9.086319257601147559e-01 -4.170623691094497709e-01 2.114246348651102614e-02
2.620000000000000258e-10 1.000000000000000006e-150 0.000000000000000000e+00 1.000000000000000000e+00 8.845384625822667601e-01 -4.662052858615491902e-01 1.563136741782895217e-02
2.640000000000000189e-10 1.000000000000000006e-150 0.000000000000000000e+00 1.000000000000000000e+00 8.662925484689500966e-01 -4.994395486418367058e-01 9.867001551148441366e-03
2.660000000000000120e-10 1.000000000000000006e-150 0.000000000000000000e+00 1.000000000000000000e+00 8.558543298665671761e-01 -5.172013127058588955e-01 4.020968040863805160e-03
2.680000000000000051e-10 1.000000000000000006e-150 0.000000000000000000e+00 1.000000000000000000e+00 8.541587131128647314e-01 -5.200094420085741298e-01 -1.753007503204789255e-03
2.699999999999999982e-10 1.000000000000000006e-150 0.000000000000000000e+00 1.000000000000000000e+00 8.611368878390359693e-01 -5.083205350780665155e-01 -7.313960681311870195e-03
2.719999999999999913e-10 1.000000000000000006e-150 0.000000000000000000e+00 1.000000000000000000e+00 8.757939755069559240e-01 -4.825225062482521587e-01 -1.252770647912460934e-02
2.739999999999999844e-10 1.000000000000000006e-150 0.000000000000000000e+00 1.000000000000000000e+00 8.963314617039269683e-01 -4.430484427199629094e-01 -1.726233365212901869e-02
2.760000000000000292e-10 1.000000000000000006e-150 0.000000000000000000e+00 1.000000000000000000e+00 9.203237759375771931e-01 -3.905723284000495732e-01 -2.138699913882691900e-02
2.780000000000000223e-10 1.000000000000000006e-150 0.000000000000000000e+00 1.000000000000000000e+00 9.449652247152562357e-01 -3.262313845284948721e-01 -2.477514535712711796e-02
2.800000000000000154e-10 1.000000000000000006e-150 0.000000000000000000e+00 1.000000000000000000e+00 9.673917833716332293e-01 -2.518078195798358343e-01 -2.731225848405822651e-02
2.820000000000000085e-10 1.000000000000000006e-150 0.000000000000000000e+00 1.000000000000000000e+00 9.850539455685589640e-01 -1.698031544581176111e-01 -2.890697244415688788e-02
2.840000000000000016e-10 1.000000000000000006e-150 0.000000000000000000e+00 1.000000000000000000e+00 9.960827149490802945e-01 -8.335945208339821944e-02 -2.950299523819433292e-02
2.859999999999999947e-10 1.000000000000000006e-150 0.000000000000000000e+00 1.000000000000000000e+00 9.995689334186548258e-01 3.975249477401425827e-03 -2.908856709921013584e-02
2.879999999999999877e-10 1.000000000000000006e-150 0.000000000000000000e+00 1.000000000000000000e+00 9.956831195451389949e-01 8.858785153945814006e-02 -2.770050563587951944e-02
2.900000000000000325e-10 1.000000000000000006e-150 0.000000000000000000e+00 1.000000000000000000e+00 9.856020498914664918e-01 1.671596539346820454e-01 -2.542143477808683424e-02
2.920000000000000256e-10 1.000000000000000006e-150 0.000000000000000000e+00 1.000000000000000000e+00 9.712638271444423710e-01 2.369517232920547722e-01 -2.237093895338929106e-02
2.940000000000000187e-10 1.000000000000000006e-150 0.000000000000000000e+00 1.000000000000000000e+00 9.550190596054995984e-01 2.959546614275732068e-01 -1.869315836121747398e-02
2.960000000000000118e-10 1.000000000000000006e-150 0.000000000000000000e+00 1.000000000000000000e+00 9.392624068436840057e-01 3.428915324539750231e-01 -1.454400431706099825e-02
2.980000000000000049e-10 1.000000000000000006e-150 0.000000000000000000e+00 1.000000000000000000e+00 9.261144268068092211e-01 3.771080073703186875e-01 -1.008063675978623612e-02
2.999999999999999980e-10 1.000000000000000006e-150 0.000000000000000000e+00 1.000000000000000000e+00 9.171922010662991731e-01 3.984077229610164528e-01 -5.454593309803043230e-03
3.019999999999999911e-10 1.000000000000000006e-150 0.000000000000000000e+00 1.000000000000000000e+00 9.134763044473849236e-01 4.068911246586897068e-01 -8.086328803934359887e-04
3.039999999999999842e-10 1.000000000000000006e-150 0.000000000000000000e+00 1.000000000000000000e+00 9.152626484601187329e-01 4.028404387293750277e-01 3.723608208934863981e-03
3.060000000000000290e-10 1.000000000000000006e-150 0.000000000000000000e+00 1.000000000000000000e+00 9.221825390929809796e-01 3.866718245402296916e-01 8.016526601499292595e-03
3.080000000000000221e-10 1.000000000000000006e-150 0.000000000000000000e+00 1.000000000000000000e+00 9.332783494695972015e-01 3.589549899027865698e-01 1.195147000142520941e-02
3.100000000000000152e-10 1.000000000000000006e-150 0.000000000000000000e+00 1.000000000000000000e+00 9.471286388856472449e-01 3.204834807796951290e-01 1.541687224931557500e-02
3.120000000000000083e-10 1.000000000000000006e-150 0.000000000000000000e+00 1.000000000000000000e+00 9.620193771660050519e-01 2.723663861537221620e-01 1.831037003157399284e-02
3.140000000000000014e-10 1.000000000000000006e-150 0.000000000000000000e+00 1.000000000000000000e+00 9.761538833336685927e-01 2.161054809421950051e-01 2.054305623175430723e-02
3.159999999999999945e-10 1.000000000000000006e-150 0.000000000000000000e+00 1.000000000000000000e+00 9.878835846199698345e-01 1.536230027510183949e-01 2.204532295430261524e-02
3.179999999999999875e-10 1.000000000000000006e-150 0.000000000000000000e+00 1.000000000000000000e+00 9.959290744433992870e-01 8.721619331945164311e-02 2.277310477686135190e-02
3.200000000000000323e-10 1.000000000000000006e-150 0.000000000000000000e+00 1.000000000000000000e+00 9.995531092268785667e-01 1.943457753849393149e-02 2.271297054064366078e-02
3.220000000000000254e-10 1.000000000000000006e-150 0.000000000000000000e+00 1.000000000000000000e+00 9.986503886973202571e-01 -4.710057786085958265e-02 2.188462290888534140e-02
3.240000000000000185e-10 1.000000000000000006e-150 0.000000000000000000e+00 1.000000000000000000e+00 9.937348763187040523e-01 -1.098966825322040819e-01 2.033997925922662042e-02
3.260000000000000116e-10 1.000000000000000006e-150 0.000000000000000000e+00 1.000000000000000000e+00 9.858292006770212890e-01 -1.667664251669122022e-01 1.815892423999570029e-02
3.280000000000000047e-10 1.000000000000000006e-150 0.000000000000000000e+00 1.000000000000000000e+00 9.762831263360830514e-01 -2.159462448157913050e-01 1.544268698776176882e-02
3.299999999999999978e-10 1.000000000000000006e-150 0.000000000000000000e+00 1.000000000000000000e+00 9.665607536706152247e-01 -2.561422748559320506e-01 1.230627869505680934e-02
3.319999999999999909e-10 1.000000000000000006e-150 0.000000000000000000e+00 1.000000000000000000e+00 9.580358549535257229e-01 -2.865110798757080079e-01 8.871399659732170234e-03
3.340000000000000357e-10 1.000000000000000006e-150 0.000000000000000000e+00 1.000000000000000000e+00 9.518245506844041914e-01 -3.065980247894914967e-01 5.260789828007731914e-03
3.360000000000000288e-10 1.000000000000000006e-150 0.000000000000000000e+00 1.000000000000000000e+00 9.486706480056132929e-01 -3.162616947207996243e-01 1.594385441974817451e-03
3.380000000000000219e-10 1.000000000000000006e-150 0.000000000000000000e+00 1.000000000000000000e+00 9.488871124721929284e-01 -3.156092456704774341e-01 -2.012916167150408542e-03
3.400000000000000150e-10 1.000000000000000006e-150 0.000000000000000000e+00 1.000000000000000000e+00 9.523500933491667597e-01 -3.049583093544814827e-01 -5.452453896162798817e-03
3.420000000000000081e-10 1.000000000000000006e-150 0.000000000000000000e+00 1.000000000000000000e+00 9.585393216082137569e-01 -2.848298059833109797e-01 -8.622676752316670024e-03
3.440000000000000012e-10 1.000000000000000006e-150 0.000000000000000000e+00 1.000000000000000000e+00 9.666183290998850985e-01 -2.559655309480913243e-01 -1.143034621557859239e-02
3.459999999999999943e-10 1.000000000000000006e-150 0.000000000000000000e+00 1.000000000000000000e+00 9.755472799241420301e-01 -2.193564945691356127e-01 -1.379249516760414247e-02
3.479999999999999873e-10 1.000000000000000006e-150 0.000000000000000000e+00 1.000000000000000000e+00 9.842186880134318194e-01 -1.762639733346351156e-01 -1.563924133089466748e-02
3.500000000000000321e-10 1.000000000000000006e-150 0.000000000000000000e+00 1.000000000000000000e+00 9.916019715306920723e-01 -1.282159852227864327e-01 -1.691718622568702535e-02
3.520000000000000252e-10 1.000000000000000006e-150 0.000000000000000000e+00 1.000000000000000000e+00 9.968783642075320639e-01 -7.696765404720942727e-02 -1.759281686894377528e-02
3.540000000000000183e-10 1.000000000000000006e-150 0.000000000000000000e+00 1.000000000000000000e+00 9.995457882894480672e-01 -2.442360080113969642e-02 -1.765516459091504356e-02
3.560000000000000114e-10 1.000000000000000006e-150 0.000000000000000000e+00 1.000000000000000000e+00 9.994761054350672635e-01 2.746856090940062722e-02 -1.711703321013362949e-02
3.580000000000000045e-10 1.000000000000000006e-150 0.000000000000000000e+00 1.000000000000000000e+00 9.969151294552074383e-01 7.683595549401650571e-02 -1.601438748839655035e-02
3.599999999999999976e-10 1.000000000000000006e-150 0.000000000000000000e+00 1.000000000000000000e+00 9.924269809939127995e-01 1.219885850493634821e-01 -1.440390617027440499e-02
3.619999999999999907e-10 1.000000000000000006e-150 0.000000000000000000e+00 1.000000000000000000e+00 9.867952511085854583e-01 1.615004174034232187e-01 -1.235910870831443548e-02
3.640000000000000355e-10 1.000000000000000006e-150 0.000000000000000000e+00 1.000000000000000000e+00 9.809005865202751195e-01 1.942542759023616894e-01 -9.965724149775570875e-03
3.660000000000000286e-10 1.000000000000000006e-150 0.000000000000000000e+00 1.000000000000000000e+00 9.755960112840287302e-01 2.194513250449621755e-01 -7.317014603219630653e-03
3.680000000000000217e-10 1.000000000000000006e-150 0.000000000000000000e+00 1.000000000000000000e+00 9.715981276575211822e-01 2.365940441493878110e-01 -4.509612559498298902e-03
3.700000000000000148e-10 1.000000000000000006e-150 0.000000000000000000e+00 1.000000000000000000e+00 9.694064312414838458e-01 2.454556598040116833e-01 -1.640163963559546209e-03
3.720000000000000079e-10 1.000000000000000006e-150 0.000000000000000000e+00 1.000000000000000000e+00 9.692567310145052684e-01 2.460486863752028852e-01 1.197211807479832673e-03
3.740000000000000010e-10 1.000000000000000006e-150 0.000000000000000000e+00 1.000000000000000000e+00 9.711096761496895713e-01 2.386015224284869785e-01 3.912848483310958983e-03
3.759999999999999941e-10 1.000000000000000006e-150 0.000000000000000000e+00 1.000000000000000000e+00 9.746720745689174681e-01 2.235466173264411827e-01 6.423156344683348881e-03
3.779999999999999871e-10 1.000000000000000006e-150 0.000000000000000000e+00 1.000000000000000000e+00 9.794465561887897298e-01 2.015181932447908109e-01 8.652246024889368933e-03
3.800000000000000319e-10 1.000000000000000006e-150 0.000000000000000000e+00 1.000000000000000000e+00 9.848033855189098906e-01 1.733531998743097213e-01 1.053375354898380446e-02
3.820000000000000250e-10 1.000000000000000006e-150 0.000000000000000000e+00 1.000000000000000000e+00 9.900663210680330506e-01 1.400870088224327736e-01 1.201290331243975995e-02
3.840000000000000181e-10 1.000000000000000006e-150 0.000000000000000000e+00 1.000000000000000000e+00 9.946024103096916535e-01 1.029357943395214914e-01 1.304866467663797630e-02
3.860000000000000112e-10 1.000000000000000006e-150 0.000000000000000000e+00 1.000000000000000000e+00 9.979041637321069969e-01 6.326051249296080203e-02 1.361571023679217403e-02
3.880000000000000043e-10 1.000000000000000006e-150 0.000000000000000000e+00 1.000000000000000000e+00 9.996526169784083482e-01 2.251212996693097851e-02 1.370581528300132516e-02
3.899999999999999974e-10 1.000000000000000006e-150 0.000000000000000000e+00 1.000000000000000000e+00 9.997520655135951895e-01 -1.783709406502200986e-02 1.332837486775942382e-02
3.919999999999999905e-10 1.000000000000000006e-150 0.000000000000000000e+00 1.000000000000000000e+00 9.983317118225116804e-01 -5.636751541049003084e-02 1.250985115745344503e-02
3.940000000000000353e-10 1.000000000000000006e-150 0.000000000000000000e+00 1.000000000000000000e+00 9.957151907306719396e-01 -9.178096806184878054e-02 1.129215877551969713e-02
3.960000000000000284e-10 1.000000000000000006e-150 0.000000000000000000e+00 1.000000000000000000e+00 9.923644505270677874e-01 -1.229557675475800443e-01 9.730187916801547390e-03
3.980000000000000215e-10 1.000000000000000006e-150 0.000000000000000000e+00 1.000000000000000000e+00 9.888083300214363103e-01 -1.489827284839391475e-01 7.888795452981172199e-03
4.000000000000000146e-10 1.000000000000000006e-150 0.000000000000000000e+00 1.000000000000000000e+00 9.855675835361127346e-01 -1.691816686387340174e-01 5.839630073999560120e-03
4.020000000000000077e-10 1.000000000000000006e-150 0.000000000000000000e+00 1.000000000000000000e+00 9.830871386774904241e-01 -1.831018734565219852e-01 3.658101094390264242e-03
4.040000000000000008e-10 1.000000000000000006e-150 0.000000000000000000e+00 1.000000000000000000e+00 9.816837763305344966e-01 -1.905123223009652644e-01 1.420683256120700228e-03
4.059999999999999939e-10 1.000000000000000006e-150 0.000000000000000000e+00 1.000000000000000000e+00 9.815141811267553695e-01 -1.913877645653764004e-01 -7.973843132519891751e-04
4.079999999999999869e-10 1.000000000000000006e-150 0.000000000000000000e+00 1.000000000000000000e+00 9.825652119419494568e-01 -1.858952774192335622e-01 -2.924057916343765062e-03
4.100000000000000317e-10 1.000000000000000006e-150 0.000000000000000000e+00 1.000000000000000000e+00 9.846656691308497411e-01 -1.743834458505676976e-01 -4.892223255137242294e-03
4.120000000000000248e-10 1.000000000000000006e-150 0.000000000000000000e+00 1.000000000000000000e+00 9.875168038373310919e-01 -1.573736157955112624e-01 -6.641324442387651350e-03
4.140000000000000179e-10 1.000000000000000006e-150 0.000000000000000000e+00 1.000000000000000000e+00 9.907371676852978482e-01 -1.355505329559992811e-01 -8.118964358744359955e-03
4.160000000000000110e-10 1.000000000000000006e-150 0.000000000000000000e+00 1.000000000000000000e+00 9.939160296741242906e-01 -1.097486291328237107e-01 -9.282475978490828394e-03
4.180000000000000041e-10 1.000000000000000006e-150 0.000000000000000000e+00 1.000000000000000000e+00 9.966685692400673036e-01 -8.093049739854593638e-02 -1.010038018003242034e-02
4.199999999999999972e-10 1.000000000000000006e-150 0.000000000000000000e+00 1.000000000000000000e+00 9.986856546216633657e-01 -5.015560983785360277e-02 -1.055358018365385245e-02
4.219999999999999903e-10 1.000000000000000006e-150 0.000000000000000000e+00 1.000000000000000000e+00 9.997715512506570867e-01 -1.853964169855688154e-02 -1.063611750329285580e-02
4.240000000000000351e-10 1.000000000000000006e-150 0.000000000000000000e+00 1.000000000000000000e+00 9.998645463288621249e-01 1.279280820312334900e-02 -1.035533934050384026e-02
4.260000000000000282e-10 1.000000000000000006e-150 0.000000000000000000e+00 1.000000000000000000e+00 9.990380852018300173e-01 4.275750481972787759e-02 -9.731397528212316905e-03
4.280000000000000213e-10 1.000000000000000006e-150 0.000000000000000000e+00 1.000000000000000000e+00 9.974831190195969643e-01 7.035663428440055989e-02 -8.796094764582141484e-03
4.300000000000000144e-10 1.000000000000000006e-150 0.000000000000000000e+00 1.000000000000000000e+00 9.954752883291924093e-01 9.471707450103356019e-02 -7.591187250820044530e-03
4.320000000000000075e-10 1.000000000000000006e-150 0.000000000000000000e+00 1.000000000000000000e+00 9.933326793138185229e-01 1.151180469267528150e-01 -6.166318107310991316e-03
4.340000000000000006e-10 1.000000000000000006e-150 0.000000000000000000e+00 1.000000000000000000e+00 9.913708130924965278e-01 1.310074961645222302e-01 -4.576778017880791562e-03
4.359999999999999937e-10 1.000000000000000006e-150 0.000000000000000000e+00 1.000000000000000000e+00 9.898612436679065096e-01 1.420085088210146229e-01 -2.881268237669474142e-03
4.380000000000000384e-10 1.000000000000000006e-150 0.000000000000000000e+00 1.000000000000000000e+00 9.889989234245193384e-01 1.479183232256694736e-01 -1.139789124386778648e-03
4.400000000000000315e-10 1.000000000000000006e-150 0.000000000000000000e+00 1.000000000000000000e+00 9.888817609161624222e-01 1.487027802268839349e-01 5.882857681861675863e-04
4.420000000000000246e-10 1.000000000000000006e-150 0.000000000000000000e+00 1.000000000000000000e+00 9.895039292431452305e-01 1.444885107653543221e-01 2.245945054282574588e-03
4.440000000000000177e-10 1.000000000000000006e-150 0.000000000000000000e+00 1.000000000000000000e+00 9.907627406552002025e-01 1.355540573965538786e-01 3.780112793074253373e-03
4.460000000000000108e-10 1.000000000000000006e-150 0.000000000000000000e+00 1.000000000000000000e+00 9.924774017090427503e-01 1.223198907606519725e-01 5.143094513014785998e-03
4.480000000000000039e-10 1.000000000000000006e-150 0.000000000000000000e+00 1.000000000000000000e+00 9.944167393703161606e-01 1.053362953689845616e-01 6.293912777181742170e-03
4.499999999999999970e-10 1.000000000000000006e-150 0.000000000000000000e+00 1.000000000000000000e+00 9.963320712416815494e-01 8.526764210747801720e-02 7.199515587305332052e-03
4.519999999999999901e-10 1.000000000000000006e-150 0.000000000000000000e+00 1.000000000000000000e+00 9.979908529380201454e-01 6.287175533560046548e-02 7.835804557512832808e-03
4.540000000000000349e-10 1.000000000000000006e-150 0.000000000000000000e+00 1.000000000000000000e+00 9.992066796767894443e-01 3.897385454026800616e-02 8.188403480527500083e-03
4.560000000000000280e-10 1.000000000000000006e-150 0.000000000000000000e+00 1.000000000000000000e+00 9.998617394371727141e-01 1.443567301009511528e-02 8.253081510380530159e-03
4.580000000000000211e-10 1.000000000000000006e-150 0.000000000000000000e+00 1.000000000000000000e+00 9.999189175410053698e-01 -9.878505089553034357e-03 8.035762615943464748e-03
4.600000000000000142e-10 1.000000000000000006e-150 0.000000000000000000e+00 1.000000000000000000e+00 9.994223078818377237e-01 -3.313633098738621996e-02 7.552090891647322835e-03
4.620000000000000073e-10 1.000000000000000006e-150 0.000000000000000000e+00 1.000000000000000000e+00 9.984866340771347826e-01 -5.456958410679019905e-02 6.826570128970755637e-03
4.640000000000000004e-10 1.000000000000000006e-150 0.000000000000000000e+00 1.000000000000000000e+00 9.972776970145689202e-01 -7.350161300971537470e-02 5.891342995255152530e-03
4.660000000000000452e-10 1.000000000000000006e-150 0.000000000000000000e+00 1.000000000000000000e+00 9.959871454236345345e-01 -8.936841004912339514e-02 4.784708577523371503e-03
4.680000000000000382e-10 1.000000000000000006e-150 0.000000000000000000e+00 1.000000000000000000e+00 9.948054306801775715e-01 -1.017327686125396591e-01 3.549490055453010003e-03
4.700000000000000313e-10 1.000000000000000006e-150 0.000000000000000000e+00 1.000000000000000000e+00 9.938967282290408489e-01 -1.102919519445697549e-01 2.231356507780925692e-03
4.720000000000000244e-10 1.000000000000000006e-150 0.000000000000000000e+00 1.000000000000000000e+00 9.933789938402772801e-01 -1.148799597513468912e-01 8.771798031686722612e-04
4.740000000000000175e-10 1.000000000000000006e-150 0.000000000000000000e+00 1.000000000000000000e+00 9.933113582302287581e-01 -1.154657003964903728e-01 -4.665219889897653685e-04
4.760000000000000106e-10 1.000000000000000006e-150 0.000000000000000000e+00 1.000000000000000000e+00 9.936899432485066797e-01 -1.121481901595859088e-01 -1.755030116245534120e-03
4.780000000000000037e-10 1.000000000000000006e-150 0.000000000000000000e+00 1.000000000000000000e+00 9.944520657003298458e-01 -1.051494444772905351e-01 -2.946752528475416605e-03
4.799999999999999968e-10 1.000000000000000006e-150 0.000000000000000000e+00 1.000000000000000000e+00 9.954877899846167333e-01 -9.480519248578907210e-02 -4.004431205066879412e-03
4.819999999999999899e-10 1.000000000000000006e-150 0.000000000000000000e+00 1.000000000000000000e+00 9.966569694600767582e-01 -8.155312528152272589e-02 -4.896221346306467957e-03
4.839999999999999830e-10 1.000000000000000006e-150 0.000000000000000000e+00 1.000000000000000000e+00 9.978093337035488508e-01 -6.591821754857055127e-02 -5.596621239586265298e-03
4.859999999999999761e-10 1.000000000000000006e-150 0.000000000000000000e+00 1.000000000000000000e+00 9.988048861447443860e-01 -4.849479553947928789e-02 -6.087217670510687573e-03
4.879999999999999692e-10 1.000000000000000006e-150 0.000000000000000000e+00 1.000000000000000000e+00 9.995319179627845108e-01 -2.992542300393987234e-02 -6.357203132874638882e-03
4.900000000000000657e-10 1.000000000000000006e-150 0.000000000000000000e+00 1.000000000000000000e+00 9.999203366483180311e-01 -1.087722296280005385e-02 -6.403622235263940581e-03
4.920000000000000588e-10 1.000000000000000006e-150 0.000000000000000000e+00 1.000000000000000000e+00 9.999487181781840928e-01 7.983213738456541864e-03 -6.231317052813690159e-03
4.940000000000000519e-10 1.000000000000000006e-150 0.000000000000000000e+00 1.000000000000000000e+00 9.996444251519541746e-01 2.601481830783033272e-02 -5.852562774535051068e-03
4.960000000000000450e-10 1.000000000000000006e-150 0.000000000000000000e+00 1.000000000000000000e+00 9.990771418697422801e-01 4.262532640130660411e-02 -5.286411123709260258e-03
4.980000000000000380e-10 1.000000000000000006e-150 0.000000000000000000e+00 1.000000000000000000e+00 9.983470921502038964e-01 5.729144964995835226e-02 -4.557783698090902072e-03
5.000000000000000311e-10 1.000000000000000006e-150 0.000000000000000000e+00 1.000000000000000000e+00 9.975698777760090286e-01 6.957496506735659503e-02 -3.696375229130771222e-03
5.020000000000000242e-10 1.000000000000000006e-150 0.000000000000000000e+00 1.000000000000000000e+00 9.968602116797997681e-01 7.913428945190997821e-02 -2.735434635697038108e-03
5.040000000000000173e-10 1.000000000000000006e-150 0.000000000000000000e+00 1.000000000000000000e+00 9.963167995903901009e-01 8.573161073886813310e-02 -1.710489427452479812e-03
5.060000000000000104e-10 1.000000000000000006e-150 0.000000000000000000e+00 1.000000000000000000e+00 9.960102921170358448e-01 8.923600698262275366e-02 -6.580689434644978672e-04
5.080000000000000035e-10 1.000000000000000006e-150 0.000000000000000000e+00 1.000000000000000000e+00 9.959756744392160854e-01 8.962314037424985724e-02 3.855318486545979226e-04
5.099999999999999966e-10 1.000000000000000006e-150 0.000000000000000000e+00 1.000000000000000000e+00 9.962097863193029035e-01 8.697207744236253035e-02 1.385419434121221323e-03
5.119999999999999897e-10 1.000000000000000006e-150 0.000000000000000000e+00 1.000000000000000000e+00 9.966739677971372391e-01 8.145961945135732352e-02 2.309180450077631935e-03
5.139999999999999828e-10 1.000000000000000006e-150 0.000000000000000000e+00 1.000000000000000000e+00 9.973011850712318882e-01 7.335231944678101412e-02 3.127856661355469560e-03
5.159999999999999759e-10 1.000000000000000006e-150 0.000000000000000000e+00 1.000000000000000000e+00 9.980064680463254234e-01 6.299620446110668071e-02 3.816799862880219593e-03
5.179999999999999690e-10 1.000000000000000006e-150 0.000000000000000000e+00 1.000000000000000000e+00 9.986991325807983433e-01 5.080417777544854463e-02 4.356386452287312923e-03
5.200000000000000655e-10 1.000000000000000006e-150 0.000000000000000000e+00 1.000000000000000000e+00 9.992951005787307217e-01 3.724117028510399302e-02 4.732567499823508994e-03
5.220000000000000586e-10 1.000000000000000006e-150 0.000000000000000000e+00 1.000000000000000000e+00 9.997276878795565702e-01 2.280732023493420996e-02 4.937229050498858143e-03
5.240000000000000517e-10 1.000000000000000006e-150 0.000000000000000000e+00 1.000000000000000000e+00 9.999554987812304674e-01 8.019728441406508840e-03 4.968341061848251597e-03
5.260000000000000448e-10 1.000000000000000006e-150 0.000000000000000000e+00 1.000000000000000000e+00 9.999665131973723975e-01 -6.606415142565122932e-03 4.829882281515578829e-03
5.280000000000000378e-10 1.000000000000000006e-150 0.000000000000000000e+00 1.000000000000000000e+00 9.997780142250741742e-01 -2.057637977961135345e-02 4.531541385954789870e-03
5.300000000000000309e-10 1.000000000000000006e-150 0.000000000000000000e+00 1.000000000000000000e+00 9.994325948071456356e-01 -3.343314194392922600e-02 4.088209487405599155e-03
5.320000000000000240e-10 1.000000000000000006e-150 0.000000000000000000e+00 1.000000000000000000e+00 9.989910108103008390e-01 -4.477247925101601050e-02 3.519292816857489455e-03
5.340000000000000171e-10 1.000000000000000006e-150 0.000000000000000000e+00 1.000000000000000000e+00 9.985230358534418205e-01 -5.425528936356911747e-02 2.847884495812988068e-03
5.360000000000000102e-10 1.000000000000000006e-150 0.000000000000000000e+00 1.000000000000000000e+00 9.980976709855512441e-01 -6.161679842334325669e-02 2.099839345150725321e-03
5.380000000000000033e-10 1.000000000000000006e-150 0.000000000000000000e+00 1.000000000000000000e+00 9.977740564102015597e-01 -6.667259615872977996e-02 1.302795527617595919e-03
5.399999999999999964e-10 1.000000000000000006e-150 0.000000000000000000e+00 1.000000000000000000e+00 9.975942434989476526e-01 -6.932164117796783820e-02 4.851825999576616939e-04
5.419999999999999895e-10 1.000000000000000006e-150 0.000000000000000000e+00 1.000000000000000000e+00 9.975786585003731943e-01 -6.954649266122714391e-02 -3.247508546966864783e-04
5.439999999999999826e-10 1.000000000000000006e-150 0.000000000000000000e+00 1.000000000000000000e+00 9.977246820225936785e-01 -6.741104644923234801e-02 -1.099863415924665555e-03
5.459999999999999757e-10 1.000000000000000006e-150 0.000000000000000000e+00 1.000000000000000000e+00 9.980083392248699781e-01 -6.305601230149814052e-02 -1.814979407640527221e-03
5.479999999999999688e-10 1.000000000000000006e-150 0.000000000000000000e+00 1.000000000000000000e+00 9.983886975184560475e-01 -5.669230653946567833e-02 -2.447661462734018484e-03
5.500000000000000653e-10 1.000000000000000006e-150 0.000000000000000000e+00 1.000000000000000000e+00 9.988142449878010254e-01 -4.859249206569525581e-02 -2.978879704612186988e-03
5.520000000000000584e-10 1.000000000000000006e-150 0.000000000000000000e+00 1.000000000000000000e+00 9.992303066210391771e-01 -3.908040531248571647e-02 -3.393560171256108579e-03
5.540000000000000515e-10 1.000000000000000006e-150 0.000000000000000000e+00 1.000000000000000000e+00 9.995864679154427002e-01 -2.851917659201094399e-02 -3.680995360420308889e-03
5.560000000000000446e-10 1.000000000000000006e-150 0.000000000000000000e+00 1.000000000000000000e+00 9.998430238853202034e-01 -1.729796473510770982e-02 -3.835101547819441334e-03
5.580000000000000376e-10 1.000000000000000006e-150 0.000000000000000000e+00 1.000000000000000000e+00 9.999756473254036715e-01 -5.817860109888769310e-03 -3.854511626889252883e-03
5.600000000000000307e-10 1.000000000000000006e-150 0.000000000000000000e+00 1.000000000000000000e+00 9.999777477431547323e-01 5.522474239601952301e-03 -3.742498737551789526e-03
5.620000000000000238e-10 1.000000000000000006e-150 0.000000000000000000e+00 1.000000000000000000e+00 9.998603309706715070e-01 1.634078841725163447e-02 -3.506734253095066672e-03
5.640000000000000169e-10 1.000000000000000006e-150 0.000000000000000000e+00 1.000000000000000000e+00 9.996495189405731896e-01 2.628422872135288343e-02 -3.158892591401837174e-03
5.660000000000000100e-10 1.000000000000000006e-150 0.000000000000000000e+00 1.000000000000000000e+00 9.993821983118398311e-01 3.504076528070282359e-02 -2.714123419666332210e-03
5.680000000000000031e-10 1.000000000000000006e-150 0.000000000000000000e+00 1.000000000000000000e+00 9.991004926344391190e-01 4.234864445196172972e-02 -2.190417928699470249e-03
5.699999999999999962e-10 1.000000000000000006e-150 0.000000000000000000e+00 1.000000000000000000e+00 9.988458682063836580e-01 4.800360639583629158e-02 -1.607899259693386894e-03
5.719999999999999893e-10 1.000000000000000006e-150 0.000000000000000000e+00 1.000000000000000000e+00 9.986536805379347959e-01 5.186376451864720127e-02 -9.880678068161616485e-04
5.739999999999999824e-10 1.000000000000000006e-150 0.000000000000000000e+00 1.000000000000000000e+00 9.985488566641957942e-01 5.385217009636728003e-02 -3.530305075895110584e-04
5.759999999999999755e-10 1.000000000000000006e-150 0.000000000000000000e+00 1.000000000000000000e+00 9.985432129725249073e-01 5.395716874129282553e-02 2.752597506967250805e-04
5.779999999999999686e-10 1.000000000000000006e-150 0.000000000000000000e+00 1.000000000000000000e+00 9.986346616786548891e-01 5.223069583709410990e-02 8.757318833551989198e-04
5.800000000000000651e-10 1.000000000000000006e-150 0.000000000000000000e+00 1.000000000000000000e+00 9.988082971738487803e-01 4.878466789756072397e-02 1.428871863179928536e-03
5.820000000000000582e-10 1.000000000000000006e-150 0.000000000000000000e+00 1.000000000000000000e+00 9.990391098035211748e-01 4.378562476008585752e-02 1.917328181823937895e-03
5.840000000000000513e-10 1.000000000000000006e-150 0.000000000000000000e+00 1.000000000000000000e+00 9.992958777613110133e-01 3.744778236086093726e-02 2.326431925605978480e-03
5.860000000000000444e-10 1.000000000000000006e-150 0.000000000000000000e+00 1.000000000000000000e+00 9.995456590675650954e-01 3.002468048826027747e-02 2.644617319156370751e-03
5.880000000000000374e-10 1.000000000000000006e-150 0.000000000000000000e+00 1.000000000000000000e+00 9.997582577622824429e-01 2.179965790165912937e-02 2.863730346253810007e-03
5.900000000000000305e-10 1.000000000000000006e-150 0.000000000000000000e+00 1.000000000000000000e+00 9.999100743701423433e-01 1.307545208374872453e-02 2.979215652153948801e-03
5.920000000000000236e-10 1.000000000000000006e-150 0.000000000000000000e+00 1.000000000000000000e+00 9.999868628523689296e-01 4.163288622491673890e-03 2.990175667632216736e-03
5.940000000000000167e-10 1.000000000000000006e-150 0.000000000000000000e+00 1.000000000000000000e+00 9.999850871628295224e-01 -4.628121344603133153e-03 2.899300737764537450e-03
5.960000000000000098e-10 1.000000000000000006e-150 0.000000000000000000e+00 1.000000000000000000e+00 9.999117747712554793e-01 -1.300323306874199072e-02 2.712674613399014296e-03
5.980000000000000029e-10 1.000000000000000006e-150 0.000000000000000000e+00 1.000000000000000000e+00 9.997829724067739399e-01 -2.068954069739321888e-02 2.439465352610749663e-03
5.999999999999999960e-10 1.000000000000000006e-150 0.000000000000000000e+00 1.000000000000000000e+00 9.996210914939444026e-01 -2.744629297340657817e-02 2.091516787696676843e-03
6.019999999999999891e-10 1.000000000000000006e-150 0.000000000000000000e+00 1.000000000000000000e+00 9.994515630974404319e-01 -3.307175540376847134e-02 1.682859648451193874e-03
6.039999999999999822e-10 1.000000000000000006e-150 0.000000000000000000e+00 1.000000000000000000e+00 9.992992892460422771e-01 -3.740881805930991455e-02 1.229163845948134373e-03
6.059999999999999753e-10 1.000000000000000006e-150 0.000000000000000000e+00 1.000000000000000000e+00 9.991853744711799434e-01 -4.034884389154341083e-02 7.471542704304159985e-04
6.079999999999999684e-10 1.000000000000000006e-150 0.000000000000000000e+00 1.000000000000000000e+00 9.991245538290769446e-01 -4.183373535513463387e-02 2.540119767980644760e-04
6.100000000000000649e-10 1.000000000000000006e-150 0.000000000000000000e+00 1.000000000000000000e+00 9.991236155226609350e-01 -4.185626015225146074e-02 -2.332187663932313638e-04
6.120000000000000580e-10 1.000000000000000006e-150 0.000000000000000000e+00 1.000000000000000000e+00 9.991809668562197100e-01 -4.045871958546749109e-02 -6.981989505325861527e-04
6.140000000000000511e-10 1.000000000000000006e-150 0.000000000000000000e+00 1.000000000000000000e+00 9.992873332098549666e-01 -3.773007037867347896e-02 -1.125822169252714772e-03
6.160000000000000442e-10 1.000000000000000006e-150 0.000000000000000000e+00 1.000000000000000000e+00 9.994274319204143886e-01 -3.380163102034892258e-02 -1.502686038269866048e-03
6.180000000000000372e-10 1.000000000000000006e-150 0.000000000000000000e+00 1.000000000000000000e+00 9.995823443616611570e-01 -2.884152481381857189e-02 -1.817494665541039608e-03
6.200000000000000303e-10 1.000000000000000006e-150 0.000000000000000000e+00 1.000000000000000000e+00 9.997322334476681505e-01 -2.304803927152210621e-02 -2.061380963248956536e-03
6.220000000000000234e-10 1.000000000000000006e-150 0.000000000000000000e+00 1.000000000000000000e+00 9.998590277429733053e-01 -1.664211628332408141e-02 -2.228139692306769712e-03
6.240000000000000165e-10 1.000000000000000006e-150 0.000000000000000000e+00 1.000000000000000000e+00 9.999487183735847884e-01 -9.859226086267961972e-03 -2.314364708741850976e-03
6.260000000000000096e-10 1.000000000000000006e-150 0.000000000000000000e+00 1.000000000000000000e+00 9.999929854790102768e-01 -2.940913584140797659e-03 -2.319487026617090761e-03
6.280000000000000027e-10 1.000000000000000006e-150 0.000000000000000000e+00 1.000000000000000000e+00 9.999899756743624302e-01 3.873670046952612002e-03 -2.245713952217135313e-03
6.299999999999999958e-10 1.000000000000000006e-150 0.000000000000000000e+00 1.000000000000000000e+00 9.999441752511371018e-01 1.035593106901104218e-02 -2.097873451152788837e-03
6.319999999999999889e-10 1.000000000000000006e-150 0.000000000000000000e+00 1.000000000000000000e+00 9.998654479477471213e-01 1.629538782641224912e-02 -1.883171749445972185e-03
6.339999999999999820e-10 1.000000000000000006e-150 0.000000000000000000e+00 1.000000000000000000e+00 9.997674139943076854e-01 2.150634778382849374e-02 -1.610875580465166278e-03
6.359999999999999751e-10 1.000000000000000006e-150 0.000000000000000000e+00 1.000000000000000000e+00 9.996654248680563182e-01 2.583349051245009687e-02 -1.291933168325212159e-03
6.379999999999999682e-10 1.000000000000000006e-150 0.000000000000000000e+00 1.000000000000000000e+00 9.995744269665042259e-01 2.915620137895860720e-02 -9.385498038936671309e-04
6.400000000000000647e-10 1.000000000000000006e-150 0.000000000000000000e+00 1.000000000000000000e+00 9.995070044586399360e-01 3.139156321871757610e-02 -5.637346907564151546e-04
6.420000000000000578e-10 1.000000000000000006e-150 0.000000000000000000e+00 1.000000000000000000e+00 9.994718501242040309e-01 3.249597063857369988e-02 -1.808357199077834912e-04
6.440000000000000509e-10 1.000000000000000006e-150 0.000000000000000000e+00 1.000000000000000000e+00 9.994728412155473585e-01 3.246537993483038231e-02 1.969218331375727053e-04
6.460000000000000440e-10 1.000000000000000006e-150 0.000000000000000000e+00 1.000000000000000000e+00 9.995088068174559082e-01 3.133424614497940658e-02 5.568777886483075763e-04
6.480000000000000370e-10 1.000000000000000006e-150 0.000000000000000000e+00 1.000000000000000000e+00 9.995739769060330016e-01 2.917322929119868860e-02 8.873471590214018680e-04
6.500000000000000301e-10 1.000000000000000006e-150 0.000000000000000000e+00 1.000000000000000000e+00 9.996590141405869989e-01 2.608577767640000294e-02 1.177985775440022623e-03
6.520000000000000232e-10 1.000000000000000006e-150 0.000000000000000000e+00 1.000000000000000000e+00 9.997524584177770457e-01 2.220372042940675986e-02 1.420100948422295438e-03
6.540000000000000163e-10 1.000000000000000006e-150 0.000000000000000000e+00 1.000000000000000000e+00 9.998423694863693978e-01 1.768202639330188064e-02 1.606898412793482389e-03
6.560000000000000094e-10 1.000000000000000006e-150 0.000000000000000000e+00 1.000000000000000000e+00 9.999179388395889045e-01 1.269291195929693646e-02 1.733658784619215420e-03
6.580000000000000025e-10 1.000000000000000006e-150 0.000000000000000000e+00 1.000000000000000000e+00 9.999708589386394619e-01 7.419504591046724093e-03 1.797839020402162459e-03
6.599999999999999956e-10 1.000000000000000006e-150 0.000000000000000000e+00 1.000000000000000000e+00 9.999962818272325471e-01 2.049288166821128764e-03 1.799096917762699633e-03
6.619999999999999887e-10 1.000000000000000006e-150 0.000000000000000000e+00 1.000000000000000000e+00 9.999932631891735868e-01 -3.232432888148090155e-03 1.739239457821546578e-03
6.639999999999999818e-10 1.000000000000000006e-150 0.000000000000000000e+00 1.000000000000000000e+00 9.999646623039970539e-01 -8.248814419556787028e-03 1.622098617537197146e-03
6.659999999999999749e-10 1.000000000000000006e-150 0.000000000000000000e+00 1.000000000000000000e+00 9.999165425938267848e-01 -1.283727569183837867e-02 1.453340985303538425e-03
6.680000000000000714e-10 1.000000000000000006e-150 0.000000000000000000e+00 1.000000000000000000e+00 9.998571814841825667e-01 -1.685462812140306119e-02 1.240219898139366568e-03
6.700000000000000645e-10 1.000000000000000006e-150 0.000000000000000000e+00 1.000000000000000000e+00 9.997958440264991253e-01 -2.018136838456752527e-02 9.912807203050521317e-04
6.720000000000000576e-10 1.000000000000000006e-150 0.000000000000000000e+00 1.000000000000000000e+00 9.997414970598954564e-01 -2.272501607828689846e-02 7.160312008488891721e-04
6.740000000000000507e-10 1.000000000000000006e-150 0.000000000000000000e+00 1.000000000000000000e+00 9.997016380709330408e-01 -2.442241924956397442e-02 4.245895569030048414e-04
6.760000000000000438e-10 1.000000000000000006e-150 0.000000000000000000e+00 1.000000000000000000e+00 9.996813872863619110e-01 -2.524099249335259865e-02 1.273230749092570612e-04
6.780000000000000369e-10 1.000000000000000006e-150 0.000000000000000000e+00 1.000000000000000000e+00 9.996829477994058077e-01 -2.517888967824044935e-02 -1.655103058956340243e-04
6.800000000000000299e-10 1.000000000000000006e-150 0.000000000000000000e+00 1.000000000000000000e+00 9.997054836277755596e-01 -2.426414586835216880e-02 -4.441056571908864317e-04
6.820000000000000230e-10 1.000000000000000006e-150 0.000000000000000000e+00 1.000000000000000000e+00 9.997454074450988770e-01 -2.255285106754599186e-02 -6.994291661149228167e-04
6.840000000000000161e-10 1.000000000000000006e-150 0.000000000000000000e+00 1.000000000000000000e+00 9.997970161155604885e-01 -2.012644310960149882e-02 -9.235010436426243112e-04
6.860000000000000092e-10 1.000000000000000006e-150 0.000000000000000000e+00 1.000000000000000000e+00 9.998533698115600332e-01 -1.708822947988376459e-02 -1.109634944785865395e-03
6.880000000000000023e-10 1.000000000000000006e-150 0.000000000000000000e+00 1.000000000000000000e+00 9.999072842811269624e-01 -1.355926866841726010e-02 -1.252627126970686216e-03
6.899999999999999954e-10 1.000000000000000006e-150 0.000000000000000000e+00 1.000000000000000000e+00 9.999522982882460553e-01 -9.673760545293888166e-03 -1.348890272305418173e-03
6.919999999999999885e-10 1.000000000000000006e-150 0.000000000000000000e+00 1.000000000000000000e+00 9.999834893602166375e-01 -5.574111080801831888e-03 -1.396528776755242771e-03
6.939999999999999816e-10 1.000000000000000006e-150 0.000000000000000000e+00 1.000000000000000000e+00 9.999980382871882512e-01 -1.405847806956046255e-03 -1.395354334545854686e-03
6.959999999999999747e-10 1.000000000000000006e-150 0.000000000000000000e+00 1.000000000000000000e+00 9.999954818489475983e-01 2.687433029180095762e-03 -1.346842754265922945e-03
6.980000000000000712e-10 1.000000000000000006e-150 0.000000000000000000e+00 1.000000000000000000e+00 9.999776381591435337e-01 6.568909938825653883e-03 -1.254035038031290922e-03
7.000000000000000643e-10 1.000000000000000006e-150 0.000000000000000000e+00 1.000000000000000000e+00 9.999482334785588789e-01 1.011300413757193657e-02 -1.121387721976354083e-03
7.020000000000000574e-10 1.000000000000000006e-150 0.000000000000000000e+00 1.000000000000000000e+00 9.999122974099403649e-01 1.320932499875637593e-02 -9.545792016120882399e-04
7.040000000000000505e-10 1.000000000000000006e-150 0.000000000000000000e+00 1.000000000000000000e+00 9.998754203003951124e-01 1.576597136852658093e-02 -7.602801554730841734e-04
7.060000000000000436e-10 1.000000000000000006e-150 0.000000000000000000e+00 1.000000000000000000e+00 9.998429794906933399e-01 1.771209641593051581e-02 -5.458971752979748611e-04
7.080000000000000367e-10 1.000000000000000006e-150 0.000000000000000000e+00 1.000000000000000000e+00 9.998194389031040963e-01 1.899967471944555286e-02 -3.192992911667598584e-04
7.100000000000000297e-10 1.000000000000000006e-150 0.000000000000000000e+00 1.000000000000000000e+00 9.998078105584542463e-01 1.960444101378921306e-02 -8.853726239172695397e-05
7.120000000000000228e-10 1.000000000000000006e-150 0.000000000000000000e+00 1.000000000000000000e+00 9.998093399238416890e-01 1.952599899863879246e-02 1.384346676014272613e-04
7.140000000000000159e-10 1.000000000000000006e-150 0.000000000000000000e+00 1.000000000000000000e+00 9.998234437124603469e-01 1.878712508673078402e-02 3.540253271545865696e-04
7.160000000000000090e-10 1.000000000000000006e-150 0.000000000000000000e+00 1.000000000000000000e+00 9.998478936753601998e-01 1.743231576984888287e-02 5.512529782498181872e-04
7.180000000000000021e-10 1.000000000000000006e-150 0.000000000000000000e+00 1.000000000000000000e+00 9.998792077608557038e-01 1.552564857864914202e-02 7.239639051094401900e-04
7.199999999999999952e-10 1.000000000000000006e-150 0.000000000000000000e+00 1.000000000000000000e+00 9.999131848206892492e-01 1.314804562276014784e-02 8.670167517845759654e-04
7.219999999999999883e-10 1.000000000000000006e-150 0.000000000000000000e+00 1.000000000000000000e+00 9.999455037196719465e-01 1.039404542828221631e-02 9.764273891378166771e-04
7.239999999999999814e-10 1.000000000000000006e-150 0.000000000000000000e+00 1.000000000000000000e+00 9.999723037153313010e-01 7.368202897924290388e-03 1.049470489394965355e-03
7.259999999999999745e-10 1.000000000000000006e-150 0.000000000000000000e+00 1.000000000000000000e+00 9.999906702133959380e-01 4.181248026412357800e-03 1.084735499903869685e-03
7.280000000000000710e-10 1.000000000000000006e-150 0.000000000000000000e+00 1.000000000000000000e+00 9.999989668989209823e-01 9.461406445195913884e-04 1.082136299879394789e-03
7.300000000000000641e-10 1.000000000000000006e-150 0.000000000000000000e+00 1.000000000000000000e+00 9.999969790192595465e-01 -2.225839879331309879e-03 1.042875441366133060e-03
7.320000000000000572e-10 1.000000000000000006e-150 0.000000000000000000e+00 1.000000000000000000e+00 9.999858597080973910e-01 -5.228834906394852315e-03 9.693654517402537380e-04
7.340000000000000503e-10 1.000000000000000006e-150 0.000000000000000000e+00 1.000000000000000000e+00 9.999678978841115562e-01 -7.965851112845636836e-03 8.651111367200717923e-04
7.360000000000000434e-10 1.000000000000000006e-150 0.000000000000000000e+00 1.000000000000000000e+00 9.999461488987446689e-01 -1.035179824798662489e-02 7.345581001945592024e-04
7.380000000000000365e-10 1.000000000000000006e-150 0.000000000000000000e+00 1.000000000000000000e+00 9.999239849493295473e-01 -1.231602755084636007e-02 5.829137326864681449e-04
7.400000000000000295e-10 1.000000000000000006e-150 0.000000000000000000e+00 1.000000000000000000e+00 9.999046295995843714e-01 -1.380429979566541454e-02 4.159476761573791719e-04
7.420000000000000226e-10 1.000000000000000006e-150 0.000000000000000000e+00 1.000000000000000000e+00 9.998907390899294256e-01 -1.478013491528468344e-02 2.397792332372783095e-04
7.440000000000000157e-10 1.000000000000000006e-150 0.000000000000000000e+00 1.000000000000000000e+00 9.998840832368741660e-01 -1.522551838191273099e-02 6.065935873883313722e-05
7.460000000000000088e-10 1.000000000000000006e-150 0.000000000000000000e+00 1.000000000000000000e+00 9.998853624227275194e-01 -1.514096203377170852e-02 -1.152452291474841486e-04
7.480000000000000019e-10 1.000000000000000006e-150 0.000000000000000000e+00 1.000000000000000000e+00 9.998941770089793124e-01 -1.454493817345565120e-02 -2.820586221866525295e-04
7.499999999999999950e-10 1.000000000000000006e-150 0.000000000000000000e+00 1.000000000000000000e+00 9.999091443651930700e-01 -1.347272516527539370e-02 -4.343863353623671469e-04
7.519999999999999881e-10 1.000000000000000006e-150 0.000000000000000000e+00 1.000000000000000000e+00 9.999281394365377995e-01 -1.197472024059340924e-02 -5.674840467301119030e-04
7.539999999999999812e-10 1.000000000000000006e-150 0.000000000000000000e+00 1.000000000000000000e+00 9.999486198073989085e-01 -1.011429064648493303e-02 -6.773994361631807378e-04
7.559999999999999743e-10 1.000000000000000006e-150 0.000000000000000000e+00 1.000000000000000000e+00 9.999679872803967084e-01 -7.965247446847525947e-03 -7.610831116434753525e-04
7.580000000000000708e-10 1.000000000000000006e-150 0.000000000000000000e+00 1.000000000000000000e+00 9.999839359154081286e-01 -5.609036889951689135e-03 -8.164657347540351176e-04
7.600000000000000639e-10 1.000000000000000006e-150 0.000000000000000000e+00 1.000000000000000000e+00 9.999947411484485515e-01 -3.131751869676181223e-03 -8.424996582682215329e-04
7.620000000000000570e-10 1.000000000000000006e-150 0.000000000000000000e+00 1.000000000000000000e+00 9.999994550371295032e-01 -6.210701754024595261e-04 -8.391646330338993790e-04
7.640000000000000501e-10 1.000000000000000006e-150 0.000000000000000000e+00 1.000000000000000000e+00 9.999979871512890695e-01 1.836773427127803924e-03 -8.074383863720088804e-04
7.660000000000000432e-10 1.000000000000000006e-150 0.000000000000000000e+00 1.000000000000000000e+00 9.999910669921896478e-01 4.159877898115927307e-03 -7.492340721558705691e-04
7.680000000000000363e-10 1.000000000000000006e-150 0.000000000000000000e+00 1.000000000000000000e+00 9.999800997949975789e-01 6.273333597660087947e-03 -6.673076945956735260e-04
7.700000000000000293e-10 1.000000000000000006e-150 0.000000000000000000e+00 1.000000000000000000e+00 9.999669410412662662e-01 8.111562231877852969e-03 -5.651395677527381450e-04
7.720000000000000224e-10 1.000000000000000006e-150 0.000000000000000000e+00 1.000000000000000000e+00 9.999536243300022331e-01 9.620268386600376240e-03 -4.467946537095628047e-04
7.740000000000000155e-10 1.000000000000000006e-150 0.000000000000000000e+00 1.000000000000000000e+00 9.999420814285787662e-01 1.075794807682440950e-02 -3.167671984358726850e-04
7.760000000000000086e-10 1.000000000000000006e-150 0.000000000000000000e+00 1.000000000000000000e+00 9.999338920968242617e-01 1.149691708689850808e-02 -1.798154432407886891e-04
7.780000000000000017e-10 1.000000000000000006e-150 0.000000000000000000e+00 1.000000000000000000e+00 9.999300951327122489e-01 1.182383964162159705e-02 -4.079233112114760273e-05
7.799999999999999948e-10 1.000000000000000006e-150 0.000000000000000000e+00 1.000000000000000000e+00 9.999310821340648969e-01 1.173975543856333945e-02 9.552193873042838762e-05
7.819999999999999879e-10 1.000000000000000006e-150 0.000000000000000000e+00 1.000000000000000000e+00 9.999365832526263542e-01 1.125961975053659143e-02 2.245799119978181724e-04
7.839999999999999810e-10 1.000000000000000006e-150 0.000000000000000000e+00 1.000000000000000000e+00 9.999457414853460957e-01 1.041138678163064379e-02 3.422142673185170673e-04
7.859999999999999741e-10 1.000000000000000006e-150 0.000000000000000000e+00 1.000000000000000000e+00 9.999572605159702254e-01 9.234680439655602174e-03 4.447679997010471425e-04
7.880000000000000706e-10 1.000000000000000006e-150 0.000000000000000000e+00 1.000000000000000000e+00 9.999696022419529706e-01 7.779108927978580119e-03 5.292035119051610639e-04
7.900000000000000637e-10 1.000000000000000006e-150 0.000000000000000000e+00 1.000000000000000000e+00 9.999812049171444839e-01 6.102289816404301258e-03 5.931875358137680401e-04
7.920000000000000568e-10 1.000000000000000006e-150 0.000000000000000000e+00 1.000000000000000000e+00 9.999906917870620138e-01 4.267660260194103619e-03 6.351496962948051253e-04
7.940000000000000499e-10 1.000000000000000006e-150 0.000000000000000000e+00 1.000000000000000000e+00 9.999970430933441401e-01 2.342152523853615557e-03 6.543134750813043828e-04
7.960000000000000430e-10 1.000000000000000006e-150 0.000000000000000000e+00 1.000000000000000000e+00 9.999997107489830839e-01 3.938176853678352664e-04 6.506993014600464045e-04
7.980000000000000361e-10 1.000000000000000006e-150 0.000000000000000000e+00 1.000000000000000000e+00 9.999986637887529062e-01 -1.510519820265054979e-03 6.251004570665248889e-04
8.000000000000000291e-10 1.000000000000000006e-150 0.000000000000000000e+00 1.000000000000000000e+00 9.999943625749135867e-01 -3.307497349265068644e-03 5.790333985842688455e-04
8.020000000000000222e-10 1.000000000000000006e-150 0.000000000000000000e+00 1.000000000000000000e+00 9.999876693123526117e-01 -4.939265456326796637e-03 5.146649403056402809e-04
8.040000000000000153e-10 1.000000000000000006e-150 0.000000000000000000e+00 1.000000000000000000e+00 9.999797104436196626e-01 -6.355290715578777207e-03 4.347194669657580769e-04
8.060000000000000084e-10 1.000000000000000006e-150 0.000000000000000000e+00 1.000000000000000000e+00 9.999717119767616014e-01 -7.513855806998510391e-03 3.423699404284595810e-04
8.080000000000000015e-10 1.000000000000000006e-150 0.000000000000000000e+00 1.000000000000000000e+00 9.999648311661404332e-01 -8.383214986579026751e-03 2.411169035579785870e-04
8.099999999999999946e-10 1.000000000000000006e-150 0.000000000000000000e+00 1.000000000000000000e+00 9.999600070865619639e-01 -8.942376313806879931e-03 1.346599612100792226e-04
8.119999999999999877e-10 1.000000000000000006e-150 0.000000000000000000e+00 1.000000000000000000e+00 9.999578488218958672e-01 -9.181495686978310630e-03 2.676632971174308396e-05
8.139999999999999808e-10 1.000000000000000006e-150 0.000000000000000000e+00 1.000000000000000000e+00 9.999585739107331728e-01 -9.101881325891189936e-03 -7.885900235096768545e-05
8.159999999999999739e-10 1.000000000000000006e-150 0.000000000000000000e+00 1.000000000000000000e+00 9.999620022921965612e-01 -8.715620408598736754e-03 -1.786971577521150685e-04
8.180000000000000704e-10 1.000000000000000006e-150 0.000000000000000000e+00 1.000000000000000000e+00 9.999676033323046109e-01 -8.044851758043990858e-03 -2.695292889402624639e-04
8.200000000000000635e-10 1.000000000000000006e-150 0.000000000000000000e+00 1.000000000000000000e+00 9.999745866150354656e-01 -7.120719490714460566e-03 -3.485369758006471924e-04
8.220000000000000566e-10 1.000000000000000006e-150 0.000000000000000000e+00 1.000000000000000000e+00 9.999820219205175498e-01 -5.982052129699637170e-03 -4.133861041302807487e-04
8.240000000000000497e-10 1.000000000000000006e-150 0.000000000000000000e+00 1.000000000000000000e+00 9.999889707873744760e-01 -4.673819619871961116e-03 -4.622918652530043186e-04
8.260000000000000428e-10 1.000000000000000006e-150 0.000000000000000000e+00 1.000000000000000000e+00 9.999946115388487211e-01 -3.245426752139393776e-03 -4.940632180135534884e-04
8.280000000000000359e-10 1.000000000000000006e-150 0.000000000000000000e+00 1.000000000000000000e+00 9.999983415673996401e-01 -1.748905522345774741e-03 -5.081258940148331970e-04
8.300000000000000289e-10 1.000000000000000006e-150 0.000000000000000000e+00 1.000000000000000000e+00 9.999998446265884189e-01 -2.370707778165897877e-04 -5.045237806897580595e-04
8.320000000000000220e-10 1.000000000000000006e-150 0.000000000000000000e+00 1.000000000000000000e+00 9.999991162307205750e-01 1.238296929355445306e-03 -4.838992588162884792e-04
8.340000000000000151e-10 1.000000000000000006e-150 0.000000000000000000e+00 1.000000000000000000e+00 9.999964462210898519e-01 2.628180037604386544e-03 -4.474537751730330764e-04
8.360000000000000082e-10 1.000000000000000006e-150 0.000000000000000000e+00 1.000000000000000000e+00 9.999923632963865217e-01 3.887907764032623101e-03 -3.968905722144651588e-04
8.380000000000000013e-10 1.000000000000000006e-150 0.000000000000000000e+00 1.000000000000000000e+00 9.999875510740365847e-01 4.978545203462776160e-03 -3.343420526468363855e-04
8.399999999999999944e-10 1.000000000000000006e-150 0.000000000000000000e+00 1.000000000000000000e+00 9.999827484714729486e-01 5.868046197002234864e-03 -2.622847092804319116e-04
8.419999999999999875e-10 1.000000000000000006e-150 0.000000000000000000e+00 1.000000000000000000e+00 9.999786485335591113e-01 6.532137856019544671e-03 -1.834448864277530319e-04
8.439999999999999806e-10 1.000000000000000006e-150 0.000000000000000000e+00 1.000000000000000000e+00 9.999758092171185941e-01 6.954914831270854643e-03 -1.006988507115729944e-04
8.460000000000000771e-10 1.000000000000000006e-150 0.000000000000000000e+00 1.000000000000000000e+00 9.999745872716410133e-01 7.129131988206876061e-03 -1.697073427676788304e-05
8.480000000000000702e-10 1.000000000000000006e-150 0.000000000000000000e+00 1.000000000000000000e+00 9.999751026442715851e-01 7.056194704296497866e-03 6.486812533443727616e-05
8.500000000000000633e-10 1.000000000000000006e-150 0.000000000000000000e+00 1.000000000000000000e+00 9.999772363574847001e-01 6.745856197341800614e-03 1.420950801182589924e-04
8.520000000000000564e-10 1.000000000000000006e-150 0.000000000000000000e+00 1.000000000000000000e+00 9.999806601980015808e-01 6.215640824535574073e-03 2.122241957986380787e-04
8.540000000000000495e-10 1.000000000000000006e-150 0.000000000000000000e+00 1.000000000000000000e+00 9.999848924337992884e-01 5.490020899676819992e-03 2.730836573224175532e-04
8.560000000000000426e-10 1.000000000000000006e-150 0.000000000000000000e+00 1.000000000000000000e+00 9.999893706601256094e-01 4.599382035983713354e-03 3.228802456597358790e-04
8.580000000000000357e-10 1.000000000000000006e-150 0.000000000000000000e+00 1.000000000000000000e+00 9.999935311197426513e-01 3.578818138693397582e-03 3.602490781981034689e-04
8.600000000000000287e-10 1.000000000000000006e-150 0.000000000000000000e+00 1.000000000000000000e+00 9.999968836012445017e-01 2.466801781396302500e-03 3.842873540648139010e-04
8.620000000000000218e-10 1.000000000000000006e-150 0.000000000000000000e+00 1.000000000000000000e+00 9.999990722368510276e-01 1.303778673467776133e-03 3.945714229159467024e-04
8.640000000000000149e-10 1.000000000000000006e-150 0.000000000000000000e+00 1.000000000000000000e+00 9.999999149520909514e-01 1.307361801507102436e-04 3.911570811700924529e-04
8.660000000000000080e-10 1.000000000000000006e-150 0.000000000000000000e+00 1.000000000000000000e+00 9.999994175717843437e-01 -1.012204634242896755e-03 3.745635735099322647e-04
8.680000000000000011e-10 1.000000000000000006e-150 0.000000000000000000e+00 1.000000000000000000e+00 9.999977621808044947e-01 -2.087126165701999343e-03 3.457423196894314596e-04
8.699999999999999942e-10 1.000000000000000006e-150 0.000000000000000000e+00 1.000000000000000000e+00 9.999952727772908334e-01 -3.059537148108814469e-03 3.060318789458228738e-04
8.719999999999999873e-10 1.000000000000000006e-150 0.000000000000000000e+00 1.000000000000000000e+00 9.999923640926237089e-01 -3.899442969819769556e-03 2.571010901229144789e-04
8.739999999999999804e-10 1.000000000000000006e-150 0.000000000000000000e+00 1.000000000000000000e+00 9.999894813448351183e-01 -4.582231534949568127e-03 2.008826717131696976e-04
8.760000000000000769e-10 1.000000000000000006e-150 0.000000000000000000e+00 1.000000000000000000e+00 9.999870394438845622e-01 -5.089350062083380401e-03 1.394998225691393358e-04
8.780000000000000700e-10 1.000000000000000006e-150 0.000000000000000000e+00 1.000000000000000000e+00 9.999853697450280521e-01 -5.408756103328797582e-03 7.518852513138051766e-05
8.800000000000000631e-10 1.000000000000000006e-150 0.000000000000000000e+00 1.000000000000000000e+00 9.999846809748413889e-01 -5.535134255884078397e-03 1.021831673708171677e-05
8.820000000000000562e-10 1.000000000000000006e-150 0.000000000000000000e+00 1.000000000000000000e+00 9.999850386897728427e-01 -5.469878233651421194e-03 -5.318573772035110886e-05
8.840000000000000493e-10 1.000000000000000006e-150 0.000000000000000000e+00 1.000000000000000000e+00 9.999863649159520529e-01 -5.220845896247363650e-03 -1.129172618288405537e-04
8.860000000000000424e-10 1.000000000000000006e-150 0.000000000000000000e+00 1.000000000000000000e+00 9.999884568468108137e-01 -4.801902251875100024e-03 -1.670565695600154511e-04
8.880000000000000355e-10 1.000000000000000006e-150 0.000000000000000000e+00 1.000000000000000000e+00 9.999910210128508670e-01 -4.232272142629982074e-03 -2.139303313721293686e-04
8.900000000000000285e-10 1.000000000000000006e-150 0.000000000000000000e+00 1.000000000000000000e+00 9.999937174939825812e-01 -3.535730098750268328e-03 -2.521611266729920694e-04
8.920000000000000216e-10 1.000000000000000006e-150 0.000000000000000000e+00 1.000000000000000000e+00 9.999962077277857464e-01 -2.739659553764480209e-03 -2.807054983077628542e-04
8.940000000000000147e-10 1.000000000000000006e-150 0.000000000000000000e+00 1.000000000000000000e+00 9.999981993638050737e-01 -1.874017118301098909e-03 -2.988795537754440623e-04
8.960000000000000078e-10 1.000000000000000006e-150 0.000000000000000000e+00 1.000000000000000000e+00 9.999994823854257975e-01 -9.702398253380315526e-04 -3.063716074946094652e-04
8.980000000000000009e-10 1.000000000000000006e-150 0.000000000000000000e+00 1.000000000000000000e+00 9.999999522141435060e-01 -6.013413133980029306e-05 -3.032418129621311997e-04
8.999999999999999940e-10 1.000000000000000006e-150 0.000000000000000000e+00 1.000000000000000000e+00 9.999996174863473586e-01 8.252150190933017207e-04 -2.899091776184050426e-04
9.019999999999999871e-10 1.000000000000000006e-150 0.000000000000000000e+00 1.000000000000000000e+00 9.999985923600765991e-01 1.656478539901557996e-03 -2.671267715178165018e-04
9.039999999999999802e-10 1.000000000000000006e-150 0.000000000000000000e+00 1.000000000000000000e+00 9.999970752698614795e-01 2.407027431723970760e-03 -2.359463195321380880e-04
9.060000000000000767e-10 1.000000000000000006e-150 0.000000000000000000e+00 1.000000000000000000e+00 9.999953177343716693e-01 3.053757430433358053e-03 -1.976736936777427590e-04
9.080000000000000698e-10 1.000000000000000006e-150 0.000000000000000000e+00 1.000000000000000000e+00 9.999935879320140941e-01 3.577769579060906605e-03 -1.538170872115366794e-04
9.100000000000000629e-10 1.000000000000000006e-150 0.000000000000000000e+00 1.000000000000000000e+00 9.999921341799540286e-01 3.964887878910128977e-03 -1.060298480297632983e-04
9.120000000000000560e-10 1.000000000000000006e-150 0.000000000000000000e+00 1.000000000000000000e+00 9.999911531666241249e-01 4.206001292757118905e-03 -5.605007119070592536e-05
9.140000000000000491e-10 1.000000000000000006e-150 0.000000000000000000e+00 1.000000000000000000e+00 9.999907668756036205e-01 4.297223724981142148e-03 -5.639097314788985073e-06
9.160000000000000422e-10 1.000000000000000006e-150 0.000000000000000000e+00 1.000000000000000000e+00 9.999910107572463902e-01 4.239871965120681381e-03 4.347896375835465607e-05
9.180000000000000353e-10 1.000000000000000006e-150 0.000000000000000000e+00 1.000000000000000000e+00 9.999918340641817949e-01 4.040267739754931087e-03 8.967466286224933837e-05
9.200000000000000283e-10 1.000000000000000006e-150 0.000000000000000000e+00 1.000000000000000000e+00 9.999931116003256681e-01 3.709375777459925864e-03 1.314657370245602677e-04
9.220000000000000214e-10 1.000000000000000006e-150 0.000000000000000000e+00 1.000000000000000000e+00 9.999946646628079527e-01 3.262294978673746428e-03 1.675630936752497621e-04
9.240000000000000145e-10 1.000000000000000006e-150 0.000000000000000000e+00 1.000000000000000000e+00 9.999962878657836507e-01 2.717624246172170403e-03 1.969088860342122871e-04
9.260000000000000076e-10 1.000000000000000006e-150 0.000000000000000000e+00 1.000000000000000000e+00 9.999977779469966244e-01 2.096728146738277305e-03 2.187056199363390536e-04
9.280000000000000007e-10 1.000000000000000006e-150 0.000000000000000000e+00 1.000000000000000000e+00 9.999989606210742954e-01 1.422930243563781108e-03 2.324355670889661108e-04
9.299999999999999938e-10 1.000000000000000006e-150 0.000000000000000000e+00 1.000000000000000000e+00 9.999997120308553589e-01 7.206635950890457167e-04 2.378701095630635890e-04
9.320000000000000903e-10 1.000000000000000006e-150 0.000000000000000000e+00 1.000000000000000000e+00 9.999999722645793732e-01 1.460852615205726787e-05 2.350689931335250501e-04
9.340000000000000834e-10 1.000000000000000006e-150 0.000000000000000000e+00 1.000000000000000000e+00 9.999997496061187041e-01 -6.711526562516273138e-04 2.243698106794394099e-04
9.360000000000000765e-10 1.000000000000000006e-150 0.000000000000000000e+00 1.000000000000000000e+00 9.999991154920591097e-01 -1.313935766933447321e-03 2.063683597838054365e-04
9.380000000000000696e-10 1.000000000000000006e-150 0.000000000000000000e+00 1.000000000000000000e+00 9.999981913837883152e-01 -1.893183796000884886e-03 1.818908103748678316e-04
9.400000000000000627e-10 1.000000000000000006e-150 0.000000000000000000e+00 1.000000000000000000e+00 9.999971297652040514e-01 -2.391102226123307563e-03 1.519588693493672312e-04
9.420000000000000558e-10 1.000000000000000006e-150 0.000000000000000000e+00 1.000000000000000000e+00 9.999960921276399572e-01 -2.793181795642154207e-03 1.177493323012110572e-04
9.440000000000000489e-10 1.000000000000000006e-150 0.000000000000000000e+00 1.000000000000000000e+00 9.999952270371693652e-01 -3.088594283501636291e-03 8.054956202974006686e-05
9.460000000000000420e-10 1.000000000000000006e-150 0.000000000000000000e+00 1.000000000000000000e+00 9.999946511888401224e-01 -3.270451641928739939e-03 4.171052606323383282e-05
9.480000000000000351e-10 1.000000000000000006e-150 0.000000000000000000e+00 1.000000000000000000e+00 9.999944357875661938e-01 -3.335923732965305824e-03 2.599059653998778363e-06
9.500000000000000281e-10 1.000000000000000006e-150 0.000000000000000000e+00 1.000000000000000000e+00 9.999945997530432784e-01 -3.286214862000554678e-03 -3.544900271241496764e-05
9.520000000000000212e-10 1.000000000000000006e-150 0.000000000000000000e+00 1.000000000000000000e+00 9.999951102539960113e-01 -3.126404078963952293e-03 -7.117326250607562417e-05
9.540000000000000143e-10 1.000000000000000006e-150 0.000000000000000000e+00 1.000000000000000000e+00 9.999958900756049651e-01 -2.865158682093133305e-03 -1.034293231303938499e-04
9.560000000000000074e-10 1.000000000000000006e-150 0.000000000000000000e+00 1.000000000000000000e+00 9.999968304464104119e-01 -2.514334372333698608e-03 -1.312242242742795296e-04
9.580000000000000005e-10 1.000000000000000006e-150 0.000000000000000000e+00 1.000000000000000000e+00 9.999978073065652895e-01 -2.088478949706104506e-03 -1.537456932065625181e-04
9.599999999999999936e-10 1.000000000000000006e-150 0.000000000000000000e+00 1.000000000000000000e+00 9.999986986599119776e-01 -1.604259217864628054e-03 -1.703844020017784779e-04
9.619999999999999867e-10 1.000000000000000006e-150 0.000000000000000000e+00 1.000000000000000000e+00 9.999994006453440942e-01 -1.079832795881062197e-03 -1.807486805579240055e-04
9.639999999999999798e-10 1.000000000000000006e-150 0.000000000000000000e+00 1.000000000000000000e+00 9.999998402699321609e-01 -5.341877773966763158e-04 -1.846714073155921376e-04
9.659999999999999729e-10 1.000000000000000006e-150 0.000000000000000000e+00 1.000000000000000000e+00 9.999999833084449730e-01 1.352639530201146364e-05 -1.822090733045886801e-04
9.679999999999999660e-10 1.000000000000000006e-150 0.000000000000000000e+00 1.000000000000000000e+00 9.999998366018177931e-01 5.446538546448534543e-04 -1.736332811811390237e-04
9.699999999999999591e-10 1.000000000000000006e-150 0.000000000000000000e+00 1.000000000000000000e+00 9.999994447746385351e-01 1.041651194854930360e-03 -1.594151903545294930e-04
9.719999999999999522e-10 1.000000000000000006e-150 0.000000000000000000e+00 1.000000000000000000e+00 9.999988821309039322e-01 1.488650355366566902e-03 -1.402036441433722805e-04
9.739999999999999453e-10 1.000000000000000006e-150 0.000000000000000000e+00 1.000000000000000000e+00 9.999982410828681667e-01 1.871948027762219621e-03 -1.167979079849717692e-04
9.759999999999999384e-10 1.000000000000000006e-150 0.000000000000000000e+00 1.000000000000000000e+00 9.999976188490814488e-01 2.180407130562794608e-03 -9.011610351170960939e-05
9.779999999999999315e-10 1.000000000000000006e-150 0.000000000000000000e+00 1.000000000000000000e+00 9.999971042865585247e-01 2.405759316011893238e-03 -6.116053745453067260e-05
9.800000000000001313e-10 1.000000000000000006e-150 0.000000000000000000e+00 1.000000000000000000e+00 9.999967665959751395e-01 2.542801164126741193e-03 -3.098119420528262015e-05
9.820000000000001244e-10 1.000000000000000006e-150 0.000000000000000000e+00 1.000000000000000000e+00 9.999966472894219471e-01 2.589480547827380588e-03 -6.386856563009942980e-07
9.840000000000001175e-10 1.000000000000000006e-150 0.000000000000000000e+00 1.000000000000000000e+00 9.999967562968252732e-01 2.546873483238241368e-03 2.883206808352535694e-05
9.860000000000001106e-10 1.000000000000000006e-150 0.000000000000000000e+00 1.000000000000000000e+00 9.999970724873472605e-01 2.419055483165161342e-03 5.645621597709881128e-05
9.880000000000001037e-10 1.000000000000000006e-150 0.000000000000000000e+00 1.000000000000000000e+00 9.999975482804235316e-01 2.212874888121552953e-03 8.135030188908896193e-05
9.900000000000000968e-10 1.000000000000000006e-150 0.000000000000000000e+00 1.000000000000000000e+00 9.999981174975272058e-01 1.937638750742387951e-03 1.027495657164408029e-04
9.920000000000000899e-10 1.000000000000000006e-150 0.000000000000000000e+00 1.000000000000000000e+00 9.999987052251473330e-01 1.604724502590181576e-03 1.200304116458223293e-04
9.940000000000000830e-10 1.000000000000000006e-150 0.000000000000000000e+00 1.000000000000000000e+00 9.999992382640180422e-01 1.227132761780626779e-03 1.327274230487555506e-04
9.960000000000000761e-10 1.000000000000000006e-150 0.000000000000000000e+00 1.000000000000000000e+00 9.999996547445452189e-01 8.189981879668335393e-04 1.405445067282915580e-04
9.980000000000000692e-10 1.000000000000000006e-150 0.000000000000000000e+00 1.000000000000000000e+00 9.999999116813460542e-01 3.950762225255318653e-04 1.433599606650013997e-04
1.000000000000000062e-09 1.000000000000000006e-150 0.000000000000000000e+00 1.000000000000000000e+00 9.999999895843735276e-01 -2.977614963040073220e-05 1.412254718087409245e-04
