2.565351519442701765e-14 1.480180154373461717e-13 -1.000000000000000000e+00
-1.236814393195551670e-13 -8.987766481524033385e-14 -1.000000000000000000e+00
1.050624325501255692e-13 1.147119660571561254e-13 -1.000000000000000000e+00
6.609773588697774710e-14 -1.437501148598061685e-13 -1.000000000000000000e+00
-8.681545020039790914e-14 -1.365024310607676562e-13 -1.000000000000000000e+00
-9.179719217131172089e-14 -1.364269037544437130e-13 -1.000000000000000000e+00
5.800774742859564498e-14 -1.571818234038927687e-13 -1.000000000000000000e+00
1.304991291180116965e-13 1.099651243516870828e-13 -1.000000000000000000e+00
-1.574351724294268664e-13 -7.560835118082950559e-14 -1.000000000000000000e+00
7.003823169744412561e-14 1.638617822075669901e-13 -1.000000000000000000e+00
1.749043980765670114e-13 -5.103863215441501904e-14 -1.000000000000000000e+00
1.342441206952260005e-13 -1.283831387699276449e-13 -1.000000000000000000e+00
1.828435185338647520e-13 -5.072240848218370509e-14 -1.000000000000000000e+00
7.153779962737993167e-14 1.805322283601634879e-13 -1.000000000000000000e+00
-1.758659681127877282e-13 -9.328338659907012587e-14 -1.000000000000000000e+00
1.480992147478030783e-13 1.389408093374762464e-13 -1.000000000000000000e+00
8.482719733725689044e-14 -1.898687280812074162e-13 -1.000000000000000000e+00
-1.047722570389858676e-13 -1.862874653042183669e-13 -1.000000000000000000e+00
-9.982913887992374506e-14 -1.949890905048097485e-13 -1.000000000000000000e+00
1.149063202834673271e-13 -1.927337405343844856e-13 -1.000000000000000000e+00
1.345365702364318363e-13 1.878389845378516422e-13 -1.000000000000000000e+00
-1.716925017355667209e-13 -1.637586283440925396e-13 -1.000000000000000000e+00
6.063509031543553060e-15 2.434078396487155234e-13 -1.000000000000000000e+00
2.478231149064558884e-13 4.001505538511195739e-14 -1.000000000000000000e+00
2.498511866891814173e-13 -6.488269543358189493e-14 -1.000000000000000000e+00
2.539752159736165001e-13 7.951590157536632679e-14 -1.000000000000000000e+00
-7.105424481433154864e-14 2.652164352809635239e-13 -1.000000000000000000e+00
-1.052128893664672562e-13 -2.641575906809218622e-13 -1.000000000000000000e+00
1.412293717478247279e-14 2.928810317217576022e-13 -1.000000000000000000e+00
2.887885718281902388e-13 -9.457220368396564996e-14 -1.000000000000000000e+00
1.188470483008417061e-13 -2.916999478172939511e-13 -1.000000000000000000e+00
1.542052625659325631e-13 -2.883253480026071020e-13 -1.000000000000000000e+00
3.398482745187324202e-13 -1.286678057924433584e-15 -1.000000000000000000e+00
-1.612856511705905463e-13 3.151928465042518035e-13 -1.000000000000000000e+00
1.269411208969756303e-13 -3.471218470237696196e-13 -1.000000000000000000e+00
-3.593696699340476274e-13 1.397660644600130878e-13 -1.000000000000000000e+00
4.864242741042021509e-14 4.008590725324944253e-13 -1.000000000000000000e+00
1.916165801248502818e-13 3.774909309630653358e-13 -1.000000000000000000e+00
-6.797316484025710970e-14 4.407776911168851380e-13 -1.000000000000000000e+00
-4.626580917399958227e-13 -8.257244635538646689e-14 -1.000000000000000000e+00
4.584459233021510070e-13 -1.932251361151706810e-13 -1.000000000000000000e+00
-5.272544549921320775e-13 1.416138188178996349e-15 -1.000000000000000000e+00
1.147923116230280327e-13 5.504982569246338765e-13 -1.000000000000000000e+00
5.081408698232136216e-13 3.208800493825198413e-13 -1.000000000000000000e+00
4.806207504077959572e-13 4.327190047769254024e-13 -1.000000000000000000e+00
-2.089418354890913332e-13 6.667006629987555330e-13 -1.000000000000000000e+00
-5.040390605165621591e-13 -5.693484344327486545e-13 -1.000000000000000000e+00
5.876272830240575888e-13 5.926168532904941364e-13 -1.000000000000000000e+00
1.235237053023711129e-13 -9.155326902539520165e-13 -1.000000000000000000e+00
-9.320192881103660864e-13 -4.507488966695507241e-13 -1.000000000000000000e+00
-1.160398072264667077e-12 -1.967447518950683532e-13 -1.000000000000000000e+00
-8.919044747496034061e-13 -1.030710105543976526e-12 -1.000000000000000000e+00
1.315240319437777597e-12 -9.437933103259821986e-13 -1.000000000000000000e+00
-8.509788771014531861e-13 1.803386267287976160e-12 -1.000000000000000000e+00
2.043217169823820217e-12 -1.600393682737853680e-12 -1.000000000000000000e+00
-1.174122020844216943e-10 -1.149949309900050264e-10 -1.000000000000000000e+00
-3.764643958245071438e-07 -1.902444468844360190e-08 -9.999999999999289457e-01
-8.152223018647299308e-04 -2.894168256693318642e-04 -9.999996258251797610e-01
-7.034603129489343308e-15 4.912971463814832307e-15 1.000000000000000000e+00
7.872124331367367730e-58 -1.241935593522261017e-57 1.000000000000000000e+00
-5.825455784384966374e-61 2.674167419967424562e-61 1.000000000000000000e+00
1.225364651977777460e-64 2.511249775451076002e-64 1.000000000000000000e+00
1.072397457924404710e-67 5.776842355021396380e-68 1.000000000000000000e+00
3.532067673307297567e-71 3.964934933237068029e-71 1.000000000000000000e+00
-1.293443524093610185e-74 1.919689493256391351e-74 1.000000000000000000e+00
-2.558819302801863713e-78 -9.760936469192328344e-78 1.000000000000000000e+00
5.876895877086941136e-82 4.359405093822200983e-81 1.000000000000000000e+00
1.570906528455649036e-84 -1.099703514107291495e-84 1.000000000000000000e+00
-9.662300850977286154e-89 -8.303208530845469248e-88 1.000000000000000000e+00
-7.955023604739394078e-92 -3.556132038930119422e-91 1.000000000000000000e+00
9.580067469536197382e-95 -1.267142377433550297e-94 1.000000000000000000e+00
4.219174141856969549e-98 5.491080297610154220e-98 1.000000000000000000e+00
-2.517101427201849218e-101 -1.666409287444270054e-101 1.000000000000000000e+00
4.453060133953337270e-105 1.238312792626215232e-104 1.000000000000000000e+00
5.474301332070704552e-108 -1.714735557373355607e-108 1.000000000000000000e+00
2.605736606331500903e-110 -3.033111390798300102e-110 1.000000000000000000e+00
3.493868000697660039e-110 -1.674336768816243354e-110 1.000000000000000000e+00
2.222828328880828170e-110 3.036673759535037377e-110 1.000000000000000000e+00
-3.615323030660759035e-110 -5.640882251337840860e-111 1.000000000000000000e+00
3.351580499881667290e-110 1.194204784367091945e-110 1.000000000000000000e+00
-2.396898601677290471e-111 -3.450303382655142709e-110 1.000000000000000000e+00
-2.973959487734028904e-110 -1.588733621191484121e-110 1.000000000000000000e+00
-2.954598069180837853e-110 -1.432676812017526858e-110 1.000000000000000000e+00
-5.949330989929340427e-111 -3.147550731418624717e-110 1.000000000000000000e+00
3.092638148546082507e-110 4.564325878476949612e-111 1.000000000000000000e+00
-3.029811237308924980e-110 3.631348034098642870e-111 1.000000000000000000e+00
2.484731474599625654e-110 1.651256596539167284e-110 1.000000000000000000e+00
1.862583720935573117e-110 -2.242023711199883994e-110 1.000000000000000000e+00
5.683380476241221438e-111 -2.793131154508286354e-110 1.000000000000000000e+00
1.751595230481790126e-110 -2.166501628931722240e-110 1.000000000000000000e+00
2.311628710730011153e-110 1.448953909674012737e-110 1.000000000000000000e+00
-2.636614849047725750e-110 4.234711101812687089e-111 1.000000000000000000e+00
2.604600644620806261e-110 2.435489196763346064e-111 1.000000000000000000e+00
-6.429839225611082505e-111 -2.482545563487565248e-110 1.000000000000000000e+00
-2.343204002436844337e-110 -9.129889760868789964e-111 1.000000000000000000e+00
-2.275901725445898060e-110 -9.551350005179862414e-111 1.000000000000000000e+00
-4.236744934774686779e-111 -2.382408202055925640e-110 1.000000000000000000e+00
2.318102369765045628e-110 5.239731930727595745e-111 1.000000000000000000e+00
-2.331860963814549783e-110 -4.999317266871225443e-112 1.000000000000000000e+00
1.608916090515788078e-110 1.630986972993749355e-110 1.000000000000000000e+00
1.850302645262553029e-110 -1.284884902692287412e-110 1.000000000000000000e+00
-2.260343233562460708e-110 -3.736013368342242167e-111 1.000000000000000000e+00
2.330795342366703743e-110 -8.641726608314937341e-112 1.000000000000000000e+00
-8.399559206529136164e-111 2.223200520674934455e-110 1.000000000000000000e+00
-2.365557207134411493e-110 5.094192943155104196e-111 1.000000000000000000e+00
-2.425492820127395498e-110 4.571609263845800014e-111 1.000000000000000000e+00
-1.068129769127455092e-110 2.276675792421128553e-110 1.000000000000000000e+00
2.553614659708890775e-110 2.356119037396879267e-111 1.000000000000000000e+00
-2.462266033620466031e-110 -8.834628310878918870e-111 1.000000000000000000e+00
2.485166765924564556e-110 -9.772470460027789578e-111 1.000000000000000000e+00
1.295152531734605885e-110 2.401181927337522697e-110 1.000000000000000000e+00
4.316459178802340266e-112 2.785669035909710376e-110 1.000000000000000000e+00
1.386443351517497413e-110 2.490454700590821983e-110 1.000000000000000000e+00
2.683203129420370428e-110 -1.138555841996972191e-110 1.000000000000000000e+00
-2.846107420908144372e-110 -8.945453577833460234e-111 1.000000000000000000e+00
3.049208676527965764e-110 1.181078581531760976e-111 1.000000000000000000e+00
-1.136445755657625066e-110 2.912255563912558647e-110 1.000000000000000000e+00
-3.090414337545272495e-110 8.428287023039293545e-111 1.000000000000000000e+00
-3.131684735679759149e-110 9.873010252250793625e-111 1.000000000000000000e+00
-8.492040194708062692e-111 3.263029587224622725e-110 1.000000000000000000e+00
3.416058406538935854e-110 -5.409155428937139167e-111 1.000000000000000000e+00
-3.556328242692375266e-110 -1.083805537024805331e-111 1.000000000000000000e+00
2.668117039696407012e-110 -2.503978355386156642e-110 1.000000000000000000e+00
3.036106730388020906e-110 2.223602757512311237e-110 1.000000000000000000e+00
1.940212993602379540e-110 3.353519160697545545e-110 1.000000000000000000e+00
3.530444519000377202e-110 1.877655311505975827e-110 1.000000000000000000e+00
2.902276700512916183e-108 -4.948240400353590721e-108 1.000000000000000000e+00
-1.212301522500136520e-104 5.118994398235184820e-105 1.000000000000000000e+00
2.248682122747904208e-101 -2.013988137734699943e-101 1.000000000000000000e+00
3.087334154522628898e-98 6.198528945841029835e-98 1.000000000000000000e+00
-6.263818848260354628e-95 1.459819326580693566e-94 1.000000000000000000e+00
-1.080692840298292863e-91 3.480086503056135155e-91 1.000000000000000000e+00
5.847858063947572921e-88 5.973225974963864999e-88 1.000000000000000000e+00
6.018392929210741032e-85 -1.820682455998553793e-84 1.000000000000000000e+00
-1.880116906013944455e-81 3.976801760619530709e-81 1.000000000000000000e+00
-4.000611947900504829e-78 -9.263829716824784943e-78 1.000000000000000000e+00
1.831741614672457958e-74 -1.415247878506028740e-74 1.000000000000000000e+00
5.058735823346942980e-71 -1.614126061747467599e-71 1.000000000000000000e+00
7.266692768435145660e-68 -9.776027546003236451e-68 1.000000000000000000e+00
-2.281305956818665560e-64 -1.613547983917234839e-64 1.000000000000000000e+00
2.375755399227973229e-61 5.953393382675012734e-61 1.000000000000000000e+00
-1.029807913989984935e-57 -1.049572814828084050e-57 1.000000000000000000e+00
2.834310937307632026e-54 -1.828726180791134410e-54 1.000000000000000000e+00
7.535721944634560148e-51 1.756275558818495752e-51 1.000000000000000000e+00
1.771880913482521546e-47 1.050497557539336147e-48 1.000000000000000000e+00
1.910941969964725667e-44 -3.595491145701662383e-44 1.000000000000000000e+00
-9.326878506350314855e-41 5.036759410822901060e-42 1.000000000000000000e+00
2.142660966856895167e-37 5.552684621888109868e-40 1.000000000000000000e+00
-3.006236958887823789e-34 3.888668688832765695e-34 1.000000000000000000e+00
-1.062322440418511096e-30 -3.778807147380466306e-31 1.000000000000000000e+00
-2.098678967728196200e-27 -1.511820159447664626e-27 1.000000000000000000e+00
-5.920751796857889303e-24 3.868913790978895937e-25 1.000000000000000000e+00
2.116732507334487457e-21 1.344539936439881905e-20 1.000000000000000000e+00
1.074508375423785146e-17 -2.931618739960713645e-17 1.000000000000000000e+00
8.156367156639974142e-15 7.116000044779281269e-14 1.000000000000000000e+00
-1.642864409144496621e-10 -2.829239304400287201e-12 1.000000000000000000e+00
-2.779228574201466364e-07 -2.546492876816614390e-07 9.999999999999289457e-01
-7.785443562218853685e-04 -3.771182648375268173e-04 9.999996258251798720e-01
-9.454334998056112609e-14 -5.543348813301141512e-13 -1.000000000000000000e+00
-1.188019307705594605e-13 5.136977389492827633e-13 -1.000000000000000000e+00
-1.697630984730837327e-13 -4.676420727606810217e-13 -1.000000000000000000e+00
4.454236431052593802e-13 -1.498949529251938133e-13 -1.000000000000000000e+00
4.263179278337588753e-13 1.309898795032003189e-13 -1.000000000000000000e+00
4.227921590412879500e-13 -2.151992080169394733e-14 -1.000000000000000000e+00
7.994866058039903822e-14 -3.958058784901883762e-13 -1.000000000000000000e+00
-3.342018776936222343e-13 1.923284102497705740e-13 -1.000000000000000000e+00
2.954448947428517010e-13 -2.220809290014772545e-13 -1.000000000000000000e+00
5.914139211746083619e-14 3.490872204756040636e-13 -1.000000000000000000e+00
-2.679091806146408230e-13 2.091008755987793926e-13 -1.000000000000000000e+00
-2.772883986998005245e-13 1.732683273144666972e-13 -1.000000000000000000e+00
-4.546992311907147495e-14 3.116824771108898042e-13 -1.000000000000000000e+00
3.015677994976703278e-13 -3.741127148788422922e-14 -1.000000000000000000e+00
-2.869358041123095695e-13 -6.038708815025210497e-14 -1.000000000000000000e+00
2.580538242188284644e-13 -1.194035535871019273e-13 -1.000000000000000000e+00
1.255775790350232977e-13 2.441694798556505726e-13 -1.000000000000000000e+00
-2.192185093263300872e-14 2.652274898721395633e-13 -1.000000000000000000e+00
8.406100781184617788e-14 2.440678729828566889e-13 -1.000000000000000000e+00
2.483364283635866142e-13 -3.669494906699329747e-14 -1.000000000000000000e+00
-1.956688419001830515e-13 -1.449063382108305121e-13 -1.000000000000000000e+00
2.136526676461932362e-13 1.031878922985709920e-13 -1.000000000000000000e+00
-1.753358591622593559e-13 1.504689646904835372e-13 -1.000000000000000000e+00
-2.142609593304977046e-13 -6.664831947046396376e-14 -1.000000000000000000e+00
-2.064653874427165721e-13 -7.320277435677506611e-14 -1.000000000000000000e+00
-1.773858723009358450e-13 1.192245691229361087e-13 -1.000000000000000000e+00
1.660916858252551562e-13 1.251372814591804218e-13 -1.000000000000000000e+00
-1.243931355146759376e-13 -1.605125345419985857e-13 -1.000000000000000000e+00
1.948786697527439295e-13 4.065627910963600992e-14 -1.000000000000000000e+00
-1.919327239724889723e-14 1.932386103937263877e-13 -1.000000000000000000e+00
-1.058020287910851289e-13 1.575133191059334847e-13 -1.000000000000000000e+00
-2.081993154636841373e-14 1.845812685839422878e-13 -1.000000000000000000e+00
1.773043746293125319e-13 4.194817249926749350e-14 -1.000000000000000000e+00
-1.034442094247453092e-13 -1.451045592117436471e-13 -1.000000000000000000e+00
1.336938928548567964e-13 1.123761509372921989e-13 -1.000000000000000000e+00
-1.476573761427380490e-13 8.555495628473821062e-14 -1.000000000000000000e+00
-1.529361739441487714e-13 -6.842186105067116097e-14 -1.000000000000000000e+00
-1.517817890408897129e-13 -6.325593311388139306e-14 -1.000000000000000000e+00
-1.332787976928256317e-13 9.168750277192771582e-14 -1.000000000000000000e+00
1.332111226395641521e-13 8.536863016763903920e-14 -1.000000000000000000e+00
-1.115890130802284686e-13 -1.083736224818033116e-13 -1.000000000000000000e+00
1.528891528646580881e-13 1.060524056348678328e-18 -1.000000000000000000e+00
2.565351496503180737e-14 1.480180154771034486e-13 -1.000000000000000000e+00
