-2.000000000000000000e+00
-1.959999999999999964e+00
-1.919999999999999929e+00
-1.879999999999999893e+00
-1.840000000000000080e+00
-1.800000000000000044e+00
-1.760000000000000009e+00
-1.719999999999999973e+00
-1.679999999999999938e+00
-1.640000000000000124e+00
-1.600000000000000089e+00
-1.560000000000000053e+00
-1.520000000000000018e+00
-1.479999999999999982e+00
-1.439999999999999947e+00
-1.399999999999999911e+00
-1.359999999999999876e+00
-1.319999999999999840e+00
-1.280000000000000027e+00
-1.239999999999999991e+00
-1.199999999999999956e+00
-1.160000000000000142e+00
-1.120000000000000107e+00
-1.080000000000000071e+00
-1.040000000000000036e+00
-1.000000000000000000e+00
-9.599999999999999645e-01
-9.199999999999999289e-01
-8.799999999999998934e-01
-8.400000000000000799e-01
-8.000000000000000444e-01
-7.600000000000000089e-01
-7.199999999999999734e-01
-6.799999999999999378e-01
-6.399999999999999023e-01
-5.999999999999998668e-01
-5.600000000000000533e-01
-5.200000000000000178e-01
-4.799999999999999822e-01
-4.399999999999999467e-01
-3.999999999999999112e-01
-3.599999999999998757e-01
-3.200000000000000622e-01
-2.800000000000000266e-01
-2.399999999999999911e-01
-1.999999999999999556e-01
-1.599999999999999201e-01
-1.199999999999998845e-01
-8.000000000000007105e-02
-4.000000000000003553e-02
0.000000000000000000e+00
4.000000000000003553e-02
8.000000000000007105e-02
1.200000000000001066e-01
1.600000000000001421e-01
2.000000000000001776e-01
2.400000000000002132e-01
2.800000000000002487e-01
3.199999999999998401e-01
3.599999999999998757e-01
3.999999999999999112e-01
4.399999999999999467e-01
4.799999999999999822e-01
5.200000000000000178e-01
5.600000000000000533e-01
6.000000000000000888e-01
6.400000000000001243e-01
6.800000000000001599e-01
7.200000000000001954e-01
7.600000000000002309e-01
8.000000000000002665e-01
8.399999999999998579e-01
8.799999999999998934e-01
9.199999999999999289e-01
9.599999999999999645e-01
1.000000000000000000e+00
1.040000000000000036e+00
1.080000000000000071e+00
1.120000000000000107e+00
1.160000000000000142e+00
1.200000000000000178e+00
1.240000000000000213e+00
1.280000000000000249e+00
1.320000000000000284e+00
1.359999999999999876e+00
1.399999999999999911e+00
1.439999999999999947e+00
1.479999999999999982e+00
1.520000000000000018e+00
1.560000000000000053e+00
1.600000000000000089e+00
1.640000000000000124e+00
1.680000000000000160e+00
1.720000000000000195e+00
1.760000000000000231e+00
1.800000000000000266e+00
1.839999999999999858e+00
1.879999999999999893e+00
1.919999999999999929e+00
1.959999999999999964e+00
2.000000000000000000e+00
