-1.000000000000000000e+00 1.296892049647421592e-09 -6.821305681244739400e-09
-1.000000000000000000e+00 -3.717364959958249963e-09 9.058541089627323416e-09
-1.000000000000000000e+00 8.793271122693877239e-09 -9.105151460405482722e-09
-9.999999999999998890e-01 -1.594385100577702197e-08 8.976453526634438831e-10
-9.999999999999996669e-01 1.763974800706599537e-08 2.307862973522166529e-08
-9.999999999999986677e-01 4.020219835150632680e-09 -5.151882980763610290e-08
-9.999999999999985567e-01 -4.916951056276718688e-08 1.994368876174011719e-08
-9.999999999999937828e-01 2.886588225149003176e-08 1.072008382675992970e-07
-9.999999999999933387e-01 1.071589058713252696e-07 -4.121233681525149678e-08
-9.999999999999672484e-01 3.607372057768435078e-08 -2.535370237586813028e-07
-9.999999999999350520e-01 -1.186633403645744529e-07 -3.405801220433444913e-07
-9.999999999998884226e-01 -2.645187547774791764e-07 -3.913395831221386885e-07
-9.999999999997124522e-01 -3.358231789203558640e-07 -6.799484965567255279e-07
-9.999999999990993871e-01 -4.988583201736647022e-09 -1.342070525761056507e-06
-9.999999999992963406e-01 1.095188459154801912e-06 -4.558011893971787421e-07
-9.999999999955381247e-01 -5.090867162135106552e-07 2.943559196001782022e-06
-9.999999999891601155e-01 5.158878894132697188e-07 -4.627469207962832469e-06
-9.999999999916528992e-01 -3.407852360166557168e-06 2.254044835951412019e-06
-9.999999999507094284e-01 -2.816816576180320887e-06 9.520845569627839447e-06
-9.999999999674745732e-01 -7.730442588951194746e-06 -2.300243368827969833e-06
-9.999999998501138965e-01 9.959867040290405250e-06 1.416239057586557231e-05
-9.999999991312370495e-01 7.454617911408063228e-06 4.101164002034964968e-05
-9.999999993215704652e-01 2.313824607079782993e-05 2.866148394589162969e-05
-9.999999909832159029e-01 2.086920006099015423e-06 1.342729044420559216e-04
-9.999999911864607682e-01 4.852673303899895647e-05 1.235808821774822747e-04
-9.999794875049846654e-01 -2.301393941126945127e-05 -6.405001141826201401e-03
-9.600455350555635592e-01 2.436268700224750584e-04 2.798437265078934089e-01
-9.201480151789712680e-01 -4.427944162308990476e-05 3.915707192852022622e-01
-8.801066621920673461e-01 1.603625737357348318e-05 4.747760134084036410e-01
-8.399285268845927410e-01 -2.841439608445877252e-05 5.426970323468703894e-01
-7.999808147205407227e-01 -5.228131159213635965e-05 6.000255772429409218e-01
-7.600412277885342238e-01 -2.052004953055468878e-06 6.498748587670449828e-01
-7.200092996996719785e-01 2.956238444443233236e-05 6.939644136928444507e-01
-6.800133724569562554e-01 1.944583616147231109e-05 7.331997087435158100e-01
-6.399984238086402488e-01 -1.823284744243510483e-05 7.683762211247946450e-01
-6.000094526650167071e-01 -1.087438066639158797e-05 7.999929103400698072e-01
-5.599886394496118580e-01 1.811923007660619515e-06 8.285002858684417104e-01
-5.199907531280606454e-01 -1.199811307351858940e-06 8.541718894109502358e-01
-4.800074754388533038e-01 -1.794382622355030458e-06 8.772643977271611382e-01
-4.400008176143777039e-01 -6.383361939722008183e-06 8.979973721887675175e-01
-4.000047683456176006e-01 -2.680887460673258067e-06 9.165130578958390339e-01
-3.599964126785111240e-01 3.071252181149241064e-06 9.329536874085285758e-01
-3.200022196540521779e-01 3.490951924605122243e-06 9.474167928658923099e-01
-2.800006367998271739e-01 3.629108707330442420e-06 9.599998142596283257e-01
-2.399969297615464070e-01 -1.293484911242010005e-06 9.707736469967436221e-01
-2.000014045585931655e-01 2.717988073979878523e-06 9.797956104041304348e-01
-1.600027316213395168e-01 8.268955416996388359e-07 9.871165715724895540e-01
-1.200012160864339650e-01 2.414686666663149355e-06 9.927737446830200430e-01
-7.999756183984930991e-02 -9.056855486226111999e-07 9.967950592267496024e-01
-4.000099002560927874e-02 2.340229711615932656e-06 9.991996401077686274e-01
-2.326164692304829892e-06 9.735123085359972027e-07 9.999999999968206543e-01
3.999906944063137681e-02 2.996987725324608546e-06 9.991997169910035170e-01
8.000243824476124810e-02 -9.053945838017447274e-07 9.967946678599727273e-01
1.199987834705539547e-01 2.414065659035269545e-06 9.927740387216817952e-01
1.599972681724154966e-01 8.261415667146348428e-07 9.871174571329804914e-01
1.999985945071577620e-01 2.717993991478138213e-06 9.797961840034763448e-01
2.400030708504218568e-01 -1.292161679595773224e-06 9.707721287617901984e-01
2.799993610125356969e-01 3.628209074014840372e-06 9.600001863642567690e-01
3.199977781684980593e-01 3.490056688488959359e-06 9.474182930232264432e-01
3.600035854302210403e-01 3.072949687374417971e-06 9.329509196457992370e-01
3.999952337440009775e-01 -2.683289202210525597e-06 9.165172191371431243e-01
4.399991885282663051e-01 -6.383640219881313700e-06 8.979981704066641868e-01
4.799925248091875263e-01 -1.803399944406679971e-06 8.772725780075707469e-01
5.200092526263847548e-01 -1.188894629408473655e-06 8.541606272719055593e-01
5.600113528074214253e-01 1.825383073871231230e-06 8.284849333110830827e-01
5.999905631365608505e-01 -1.088312892522776360e-05 8.000070774865870593e-01
6.400016273364775854e-01 -1.822600823351523339e-05 7.683735528208093246e-01
6.799865608680084605e-01 1.939109182890775689e-05 7.332245745083041388e-01
7.199906298821389106e-01 2.951643124710759389e-05 6.939837836799223059e-01
7.599587458748277013e-01 -2.103465461565213466e-06 6.499713105698855520e-01
8.000193598808792439e-01 -5.238285137236002261e-05 5.999741836711185439e-01
8.400715842999568750e-01 -2.745470584919048950e-05 5.424755593554418942e-01
8.798936263144958581e-01 1.382051252840860254e-05 4.751707126708462070e-01
9.198529775375299256e-01 -4.820316937959755925e-05 3.922633011024544980e-01
9.598227860592046801e-01 1.603023662080973728e-04 2.806068311083989575e-01
9.999770879685353497e-01 7.212891632663659609e-05 -6.768924241530473521e-03
9.999999911864608793e-01 -4.852673309156443204e-05 1.235808820844455853e-04
9.999999999997961631e-01 -1.274320384998417437e-07 -6.256888997411391806e-07
1.000000000000000000e+00 5.026669962351851085e-10 9.990193729527570767e-10
9.999999991312370495e-01 -7.454617882899293210e-06 4.101164013603488884e-05
9.999999999999986677e-01 -2.686784373443219875e-09 -5.079753722641776717e-08
1.000000000000000000e+00 -4.294587588609934615e-12 -3.857441571365617866e-11
9.999999999507094284e-01 2.816816588855345204e-06 9.520845517003268080e-06
9.999999999916528992e-01 3.407852355674970571e-06 2.254044905895462570e-06
9.999999999891601155e-01 -5.158879504877990986e-07 -4.627469197748780642e-06
1.000000000000000000e+00 3.612672154620858230e-10 -4.025441589470394674e-10
9.999999999992963406e-01 -1.095188504755198404e-06 -4.558011774067700762e-07
1.000000000000000000e+00 -1.977997833608161723e-11 1.475813417619472506e-10
9.999999999997124522e-01 3.358231941789009201e-07 -6.799484001893669904e-07
9.999999999998884226e-01 2.645187721825301287e-07 -3.913395091812852484e-07
9.999999999999350520e-01 1.186633773972464875e-07 -3.405801542398122054e-07
9.999999999999672484e-01 -3.607374706646112801e-08 -2.535370337506885244e-07
1.000000000000000000e+00 -1.175304978623095203e-12 2.182759698753015240e-12
9.999999999999937828e-01 -2.886585565981933169e-08 1.072008282755920753e-07
1.000000000000000000e+00 -1.538997959679511355e-13 9.842699232174623706e-14
9.999999999999986677e-01 -4.020196009315792638e-09 -5.151879361436550012e-08
1.000000000000000000e+00 -8.106916555254086644e-14 8.218483151674982514e-13
9.999999999999998890e-01 1.594392278434815685e-08 8.975971689841751513e-10
1.000000000000000000e+00 -8.793317132255350357e-09 -9.105168113750852100e-09
1.000000000000000000e+00 -8.995094974954211876e-14 -4.304832566096783262e-13
1.000000000000000000e+00 -1.296923683027269035e-09 -6.821313896895121626e-09
1.000000000000000000e+00 -6.152924031913811133e-14 -7.160326185432685884e-13
1.000000000000000000e+00 -8.793320512829947815e-09 -9.105174775088999851e-09
1.000000000000000000e+00 9.034926944958330340e-14 -2.628395798912796886e-13
9.999999999999996669e-01 -1.763979007680418676e-08 2.307860708667196293e-08
1.000000000000000000e+00 9.567833996778405480e-14 6.278481277858244200e-15
9.999999999999985567e-01 4.916954980136435996e-08 1.994373294861649727e-08
9.999999999999937828e-01 -2.886585805019411658e-08 1.072008291637704950e-07
1.000000000000000000e+00 -2.515994221349649110e-13 1.317229828755242999e-12
9.999999999999672484e-01 -3.607374706646112801e-08 -2.535370337506885244e-07
1.000000000000000000e+00 -3.723488864742754091e-12 -1.385275057787313052e-12
9.999999999998884226e-01 2.645187721825301287e-07 -3.913395091812852484e-07
9.999999999997124522e-01 3.358231964011653373e-07 -6.799484066286605332e-07
9.999999999990993871e-01 4.988501562743475827e-09 -1.342070412962397205e-06
9.999999999992963406e-01 -1.095188504755198404e-06 -4.558011774067700762e-07
1.000000000000000000e+00 -1.877278400814167522e-11 -3.464681262408523608e-10
9.999999999891601155e-01 -5.158879544151556617e-07 -4.627469196416513013e-06
1.000000000000000000e+00 6.809195361695027263e-11 -1.703032764640356835e-09
9.999999999507094284e-01 2.816816591679756237e-06 9.520845519223714129e-06
9.999999999674745732e-01 7.730442592095147265e-06 -2.300243250700240013e-06
9.999999998501138965e-01 -9.959867032875556757e-06 1.416239065891025455e-05
9.999999999999986677e-01 -1.133949179679964302e-09 -5.084119963344101548e-08
1.000000000000000000e+00 1.910358469997016531e-11 1.114973171047902499e-10
9.999999909832159029e-01 -2.086919953463903577e-06 1.342729044542683749e-04
9.999999999998282485e-01 -8.241470019831906397e-08 -5.801152131388515521e-07
9.999999999609898715e-01 -6.883496063185397303e-11 -8.832902419532598378e-06
9.600455350555914258e-01 -2.436268700234924737e-04 2.798437265077980962e-01
9.201480151805447871e-01 4.427943661777094408e-05 3.915707192815056081e-01
8.801066621925353051e-01 -1.603625447498426067e-05 4.747760134075363347e-01
8.399285268853106112e-01 2.841439792626997450e-05 5.426970323457593892e-01
7.999808147193984142e-01 5.228131112565188328e-05 6.000255772444638147e-01
7.600412277885140178e-01 2.052004927488603951e-06 6.498748587670685195e-01
7.200092996996977357e-01 -2.956238449470616030e-05 6.939644136928176943e-01
6.800133724566883586e-01 -1.944583643242991098e-05 7.331997087437642779e-01
6.399984238087157440e-01 1.823284741166350577e-05 7.683762211247318064e-01
6.000094526648196425e-01 1.087438083124483153e-05 7.999929103402174668e-01
5.599886394495754427e-01 -1.811923006647461596e-06 8.285002858684663574e-01
5.199907531279973627e-01 1.199811369175204303e-06 8.541718894109888716e-01
4.800074754388353737e-01 1.794382712607330560e-06 8.772643977271710192e-01
4.400008176143723748e-01 6.383361945048284340e-06 8.979973721887701821e-01
4.000047683456192105e-01 2.680887467005368061e-06 9.165130578958383678e-01
3.599964126784972462e-01 -3.071252183587677819e-06 9.329536874085340159e-01
3.200022196539900055e-01 -3.490951969834464094e-06 9.474167928659132931e-01
2.800006367998504886e-01 -3.629108707738070673e-06 9.599998142596215533e-01
2.399969297615295871e-01 1.293484911319108214e-06 9.707736469967478410e-01
2.000014045586155087e-01 -2.717988052104821097e-06 9.797956104041258829e-01
1.600027316213411821e-01 -8.268955612595010014e-07 9.871165715724892209e-01
1.200012160864215027e-01 -2.414686660122771324e-06 9.927737446830215973e-01
7.999756183985227975e-02 9.056855407615901134e-07 9.967950592267493803e-01
4.000099002561775807e-02 -2.340229709991587738e-06 9.991996401077682943e-01
2.326164691331981635e-06 -9.735123108621296703e-07 9.999999999968206543e-01
-3.999906944063286174e-02 -2.996987726740873892e-06 9.991997169910035170e-01
-8.000243824476502286e-02 9.053945860630280350e-07 9.967946678599725052e-01
-1.199987834705630030e-01 -2.414065652761907639e-06 9.927740387216806850e-01
-1.599972681724082524e-01 -8.261415573329039542e-07 9.871174571329817127e-01
-1.999985945071577620e-01 -2.717993991865104792e-06 9.797961840034763448e-01
-2.400030708504186094e-01 1.292161687278822206e-06 9.707721287617909756e-01
-2.799993610125877663e-01 -3.628209081634830928e-06 9.600001863642416700e-01
-3.199977781684742451e-01 -3.490056664114096371e-06 9.474182930232345479e-01
-3.600035854302184313e-01 -3.072949700516821515e-06 9.329509196458002362e-01
-3.999952337440152994e-01 2.683289196838442746e-06 9.165172191371369070e-01
-4.399991885281995807e-01 6.383640222562045076e-06 8.979981704066968273e-01
-4.799925248092068997e-01 1.803399983569318802e-06 8.772725780075600888e-01
-5.200092526263556669e-01 1.188894636041708944e-06 8.541606272719233228e-01
-5.600113528074369684e-01 -1.825383015496538796e-06 8.284849333110725356e-01
-5.999905631366924119e-01 1.088312900837079314e-05 8.000070774864883605e-01
-6.400016273362086894e-01 1.822600822660796769e-05 7.683735528210332566e-01
-6.799865608680309981e-01 -1.939109174564665773e-05 7.332245745082832666e-01
-7.199906298816658445e-01 -2.951643112431503001e-05 6.939837836804131355e-01
-7.599587458748001678e-01 2.103465419302204713e-06 6.499713105699176374e-01
-8.000193598799835160e-01 5.238285182447480865e-05 5.999741836723128108e-01
-8.400715842999444405e-01 2.745470574500159146e-05 5.424755593554612121e-01
-8.798936263144788716e-01 -1.382051245700860908e-05 4.751707126708776818e-01
-9.198529775383782470e-01 4.820317190129679187e-05 3.922633011004650894e-01
-9.598227860610788476e-01 -1.603023685281638479e-04 2.806068311019871420e-01
-9.999770879685008218e-01 -7.212891628759818925e-05 -6.768924246617399193e-03
-9.999999911864607682e-01 4.852673303899895647e-05 1.235808821774822747e-04
-9.999999909832159029e-01 2.086920006099015423e-06 1.342729044420559216e-04
-9.999999993215704652e-01 2.313824607967961413e-05 2.866148396165679664e-05
-9.999999991312370495e-01 7.454617909631706389e-06 4.101163999947745681e-05
-9.999999998501138965e-01 9.959867040290405250e-06 1.416239057586557231e-05
-9.999999999674745732e-01 -7.730442577404875290e-06 -2.300243348621910785e-06
-9.999999999507094284e-01 -2.816816582841659035e-06 9.520845578731668249e-06
-9.999999999916528992e-01 -3.407852360166557168e-06 2.254044835951412019e-06
-9.999999999891601155e-01 5.158878809755747317e-07 -4.627469208184877074e-06
-9.999999999955381247e-01 -5.090867162135106552e-07 2.943559196001782022e-06
-9.999999999992963406e-01 1.095188459154801912e-06 -4.558011893971787421e-07
-9.999999999990993871e-01 -4.988576984487709121e-09 -1.342070534864885309e-06
-9.999999999997124522e-01 -3.358231771439990246e-07 -6.799484890072089604e-07
-9.999999999998884226e-01 -2.645187547774791764e-07 -3.913395831221386885e-07
-9.999999999999350520e-01 -1.186633594604104764e-07 -3.405801262621919849e-07
-9.999999999999672484e-01 3.607372057768435078e-08 -2.535370237586813028e-07
-9.999999999999933387e-01 1.071589058713252696e-07 -4.121233681525149678e-08
-9.999999999999937828e-01 2.886588758056054996e-08 1.072008569193461107e-07
-9.999999999999985567e-01 -4.916951056276718688e-08 1.994368876174011719e-08
-9.999999999999986677e-01 4.020219835150632680e-09 -5.151882980763610290e-08
-9.999999999999996669e-01 1.763975466840414312e-08 2.307862662659719634e-08
-9.999999999999998890e-01 -1.594385100577702197e-08 8.976453526634438831e-10
-1.000000000000000000e+00 8.793272899050716639e-09 -9.105142356576680796e-09
-1.000000000000000000e+00 -3.717366292225879513e-09 9.058546640742446542e-09
-1.000000000000000000e+00 1.296892049647421592e-09 -6.821305681244739400e-09
