-2.000000000000000042e-02
-1.959999999999999937e-02
-1.920000000000000179e-02
-1.880000000000000074e-02
-1.839999999999999969e-02
-1.800000000000000211e-02
-1.760000000000000106e-02
-1.720000000000000001e-02
-1.679999999999999896e-02
-1.640000000000000138e-02
-1.600000000000000033e-02
-1.559999999999999928e-02
-1.519999999999999997e-02
-1.480000000000000066e-02
-1.439999999999999961e-02
-1.400000000000000029e-02
-1.360000000000000098e-02
-1.319999999999999993e-02
-1.279999999999999888e-02
-1.240000000000000130e-02
-1.200000000000000025e-02
-1.159999999999999920e-02
-1.119999999999999989e-02
-1.080000000000000057e-02
-1.039999999999999952e-02
-1.000000000000000021e-02
-9.599999999999999159e-03
-9.199999999999999845e-03
-8.800000000000000530e-03
-8.399999999999999481e-03
-8.000000000000000167e-03
-7.599999999999999117e-03
-7.199999999999999803e-03
-6.800000000000000488e-03
-6.399999999999999439e-03
-6.000000000000000125e-03
-5.599999999999999076e-03
-5.199999999999999761e-03
-4.800000000000000447e-03
-4.399999999999999398e-03
-4.000000000000000083e-03
-3.599999999999999034e-03
-3.199999999999997985e-03
-2.800000000000000405e-03
-2.399999999999999356e-03
-1.999999999999998307e-03
-1.600000000000000727e-03
-1.199999999999999678e-03
-7.999999999999986289e-04
-4.000000000000010492e-04
0.000000000000000000e+00
4.000000000000010492e-04
8.000000000000020983e-04
1.199999999999999678e-03
1.600000000000000727e-03
2.000000000000001776e-03
2.399999999999999356e-03
2.800000000000000405e-03
3.200000000000001454e-03
3.599999999999999034e-03
4.000000000000000083e-03
4.400000000000001132e-03
4.800000000000002182e-03
5.199999999999999761e-03
5.600000000000000810e-03
6.000000000000001860e-03
6.399999999999999439e-03
6.800000000000000488e-03
7.200000000000001538e-03
7.600000000000002587e-03
8.000000000000000167e-03
8.400000000000001216e-03
8.800000000000002265e-03
9.199999999999999845e-03
9.600000000000000894e-03
1.000000000000000194e-02
1.039999999999999952e-02
1.080000000000000057e-02
1.120000000000000162e-02
1.160000000000000267e-02
1.200000000000000025e-02
1.239999999999999783e-02
1.280000000000000235e-02
1.319999999999999993e-02
1.360000000000000445e-02
1.400000000000000203e-02
1.439999999999999961e-02
1.480000000000000412e-02
1.520000000000000170e-02
1.559999999999999928e-02
1.600000000000000380e-02
1.640000000000000138e-02
1.679999999999999896e-02
1.720000000000000348e-02
1.760000000000000106e-02
1.799999999999999864e-02
1.840000000000000316e-02
1.880000000000000074e-02
1.919999999999999832e-02
1.960000000000000284e-02
2.000000000000000042e-02
1.959999999999999937e-02
1.920000000000000179e-02
1.880000000000000074e-02
1.839999999999999969e-02
1.800000000000000211e-02
1.760000000000000106e-02
1.720000000000000001e-02
1.679999999999999896e-02
1.640000000000000138e-02
1.600000000000000033e-02
1.559999999999999928e-02
1.519999999999999997e-02
1.480000000000000066e-02
1.439999999999999961e-02
1.400000000000000029e-02
1.360000000000000098e-02
1.319999999999999993e-02
1.279999999999999888e-02
1.240000000000000130e-02
1.200000000000000025e-02
1.159999999999999920e-02
1.119999999999999989e-02
1.080000000000000057e-02
1.039999999999999952e-02
1.000000000000000021e-02
9.599999999999999159e-03
9.199999999999999845e-03
8.800000000000000530e-03
8.399999999999999481e-03
8.000000000000000167e-03
7.599999999999999117e-03
7.199999999999999803e-03
6.800000000000000488e-03
6.399999999999999439e-03
6.000000000000000125e-03
5.599999999999999076e-03
5.199999999999999761e-03
4.800000000000000447e-03
4.399999999999999398e-03
4.000000000000000083e-03
3.599999999999999034e-03
3.199999999999997985e-03
2.800000000000000405e-03
2.399999999999999356e-03
1.999999999999998307e-03
1.600000000000000727e-03
1.199999999999999678e-03
7.999999999999986289e-04
4.000000000000010492e-04
0.000000000000000000e+00
-4.000000000000010492e-04
-8.000000000000020983e-04
-1.199999999999999678e-03
-1.600000000000000727e-03
-2.000000000000001776e-03
-2.399999999999999356e-03
-2.800000000000000405e-03
-3.200000000000001454e-03
-3.599999999999999034e-03
-4.000000000000000083e-03
-4.400000000000001132e-03
-4.800000000000002182e-03
-5.199999999999999761e-03
-5.600000000000000810e-03
-6.000000000000001860e-03
-6.399999999999999439e-03
-6.800000000000000488e-03
-7.200000000000001538e-03
-7.600000000000002587e-03
-8.000000000000000167e-03
-8.400000000000001216e-03
-8.800000000000002265e-03
-9.199999999999999845e-03
-9.600000000000000894e-03
-1.000000000000000194e-02
-1.039999999999999952e-02
-1.080000000000000057e-02
-1.120000000000000162e-02
-1.160000000000000267e-02
-1.200000000000000025e-02
-1.239999999999999783e-02
-1.280000000000000235e-02
-1.319999999999999993e-02
-1.360000000000000445e-02
-1.400000000000000203e-02
-1.439999999999999961e-02
-1.480000000000000412e-02
-1.520000000000000170e-02
-1.559999999999999928e-02
-1.600000000000000380e-02
-1.640000000000000138e-02
-1.679999999999999896e-02
-1.720000000000000348e-02
-1.760000000000000106e-02
-1.799999999999999864e-02
-1.840000000000000316e-02
-1.880000000000000074e-02
-1.919999999999999832e-02
-1.960000000000000284e-02
-2.000000000000000042e-02
