1.000000000000000000e+00 -1.296923683027269035e-09 -6.821313896895121626e-09
1.000000000000000000e+00 -6.152924031913811133e-14 -7.160326185432685884e-13
1.000000000000000000e+00 -8.793320512829947815e-09 -9.105174775088999851e-09
1.000000000000000000e+00 9.034926944958330340e-14 -2.628395798912796886e-13
9.999999999999996669e-01 -1.763979007680418676e-08 2.307860708667196293e-08
1.000000000000000000e+00 9.567833996778405480e-14 6.278481277858244200e-15
9.999999999999985567e-01 4.916954980136435996e-08 1.994373294861649727e-08
9.999999999999937828e-01 -2.886585805019411658e-08 1.072008291637704950e-07
1.000000000000000000e+00 -2.515994221349649110e-13 1.317229828755242999e-12
9.999999999999672484e-01 -3.607374706646112801e-08 -2.535370337506885244e-07
1.000000000000000000e+00 -3.723488864742754091e-12 -1.385275057787313052e-12
9.999999999998884226e-01 2.645187721825301287e-07 -3.913395091812852484e-07
9.999999999997124522e-01 3.358231964011653373e-07 -6.799484066286605332e-07
9.999999999990993871e-01 4.988501562743475827e-09 -1.342070412962397205e-06
9.999999999992963406e-01 -1.095188504755198404e-06 -4.558011774067700762e-07
1.000000000000000000e+00 -1.877278400814167522e-11 -3.464681262408523608e-10
9.999999999891601155e-01 -5.158879544151556617e-07 -4.627469196416513013e-06
1.000000000000000000e+00 6.809195361695027263e-11 -1.703032764640356835e-09
9.999999999507094284e-01 2.816816591679756237e-06 9.520845519223714129e-06
9.999999999674745732e-01 7.730442592095147265e-06 -2.300243250700240013e-06
9.999999998501138965e-01 -9.959867032875556757e-06 1.416239065891025455e-05
9.999999999999986677e-01 -1.133949179679964302e-09 -5.084119963344101548e-08
1.000000000000000000e+00 1.910358469997016531e-11 1.114973171047902499e-10
9.999999909832159029e-01 -2.086919953463903577e-06 1.342729044542683749e-04
9.999999999998282485e-01 -8.241470019831906397e-08 -5.801152131388515521e-07
9.999999999609898715e-01 -6.883496063185397303e-11 -8.832902419532598378e-06
9.600455350555914258e-01 -2.436268700234924737e-04 2.798437265077980962e-01
9.201480151805447871e-01 4.427943661777094408e-05 3.915707192815056081e-01
8.801066621925353051e-01 -1.603625447498426067e-05 4.747760134075363347e-01
8.399285268853106112e-01 2.841439792626997450e-05 5.426970323457593892e-01
7.999808147193984142e-01 5.228131112565188328e-05 6.000255772444638147e-01
7.600412277885140178e-01 2.052004927488603951e-06 6.498748587670685195e-01
7.200092996996977357e-01 -2.956238449470616030e-05 6.939644136928176943e-01
6.800133724566883586e-01 -1.944583643242991098e-05 7.331997087437642779e-01
6.399984238087157440e-01 1.823284741166350577e-05 7.683762211247318064e-01
6.000094526648196425e-01 1.087438083124483153e-05 7.999929103402174668e-01
5.599886394495754427e-01 -1.811923006647461596e-06 8.285002858684663574e-01
5.199907531279973627e-01 1.199811369175204303e-06 8.541718894109888716e-01
4.800074754388353737e-01 1.794382712607330560e-06 8.772643977271710192e-01
4.400008176143723748e-01 6.383361945048284340e-06 8.979973721887701821e-01
4.000047683456192105e-01 2.680887467005368061e-06 9.165130578958383678e-01
3.599964126784972462e-01 -3.071252183587677819e-06 9.329536874085340159e-01
3.200022196539900055e-01 -3.490951969834464094e-06 9.474167928659132931e-01
2.800006367998504886e-01 -3.629108707738070673e-06 9.599998142596215533e-01
2.399969297615295871e-01 1.293484911319108214e-06 9.707736469967478410e-01
2.000014045586155087e-01 -2.717988052104821097e-06 9.797956104041258829e-01
1.600027316213411821e-01 -8.268955612595010014e-07 9.871165715724892209e-01
1.200012160864215027e-01 -2.414686660122771324e-06 9.927737446830215973e-01
7.999756183985227975e-02 9.056855407615901134e-07 9.967950592267493803e-01
4.000099002561775807e-02 -2.340229709991587738e-06 9.991996401077682943e-01
2.326164691331981635e-06 -9.735123108621296703e-07 9.999999999968206543e-01
-3.999906944063286174e-02 -2.996987726740873892e-06 9.991997169910035170e-01
-8.000243824476502286e-02 9.053945860630280350e-07 9.967946678599725052e-01
-1.199987834705630030e-01 -2.414065652761907639e-06 9.927740387216806850e-01
-1.599972681724082524e-01 -8.261415573329039542e-07 9.871174571329817127e-01
-1.999985945071577620e-01 -2.717993991865104792e-06 9.797961840034763448e-01
-2.400030708504186094e-01 1.292161687278822206e-06 9.707721287617909756e-01
-2.799993610125877663e-01 -3.628209081634830928e-06 9.600001863642416700e-01
-3.199977781684742451e-01 -3.490056664114096371e-06 9.474182930232345479e-01
-3.600035854302184313e-01 -3.072949700516821515e-06 9.329509196458002362e-01
-3.999952337440152994e-01 2.683289196838442746e-06 9.165172191371369070e-01
-4.399991885281995807e-01 6.383640222562045076e-06 8.979981704066968273e-01
-4.799925248092068997e-01 1.803399983569318802e-06 8.772725780075600888e-01
-5.200092526263556669e-01 1.188894636041708944e-06 8.541606272719233228e-01
-5.600113528074369684e-01 -1.825383015496538796e-06 8.284849333110725356e-01
-5.999905631366924119e-01 1.088312900837079314e-05 8.000070774864883605e-01
-6.400016273362086894e-01 1.822600822660796769e-05 7.683735528210332566e-01
-6.799865608680309981e-01 -1.939109174564665773e-05 7.332245745082832666e-01
-7.199906298816658445e-01 -2.951643112431503001e-05 6.939837836804131355e-01
-7.599587458748001678e-01 2.103465419302204713e-06 6.499713105699176374e-01
-8.000193598799835160e-01 5.238285182447480865e-05 5.999741836723128108e-01
-8.400715842999444405e-01 2.745470574500159146e-05 5.424755593554612121e-01
-8.798936263144788716e-01 -1.382051245700860908e-05 4.751707126708776818e-01
-9.198529775383782470e-01 4.820317190129679187e-05 3.922633011004650894e-01
-9.598227860610788476e-01 -1.603023685281638479e-04 2.806068311019871420e-01
-9.999770879685008218e-01 -7.212891628759818925e-05 -6.768924246617399193e-03
-9.999999911864607682e-01 4.852673303899895647e-05 1.235808821774822747e-04
-9.999999909832159029e-01 2.086920006099015423e-06 1.342729044420559216e-04
-9.999999993215704652e-01 2.313824607967961413e-05 2.866148396165679664e-05
-9.999999991312370495e-01 7.454617909631706389e-06 4.101163999947745681e-05
-9.999999998501138965e-01 9.959867040290405250e-06 1.416239057586557231e-05
-9.999999999674745732e-01 -7.730442577404875290e-06 -2.300243348621910785e-06
-9.999999999507094284e-01 -2.816816582841659035e-06 9.520845578731668249e-06
-9.999999999916528992e-01 -3.407852360166557168e-06 2.254044835951412019e-06
-9.999999999891601155e-01 5.158878809755747317e-07 -4.627469208184877074e-06
-9.999999999955381247e-01 -5.090867162135106552e-07 2.943559196001782022e-06
-9.999999999992963406e-01 1.095188459154801912e-06 -4.558011893971787421e-07
-9.999999999990993871e-01 -4.988576984487709121e-09 -1.342070534864885309e-06
-9.999999999997124522e-01 -3.358231771439990246e-07 -6.799484890072089604e-07
-9.999999999998884226e-01 -2.645187547774791764e-07 -3.913395831221386885e-07
-9.999999999999350520e-01 -1.186633594604104764e-07 -3.405801262621919849e-07
-9.999999999999672484e-01 3.607372057768435078e-08 -2.535370237586813028e-07
-9.999999999999933387e-01 1.071589058713252696e-07 -4.121233681525149678e-08
-9.999999999999937828e-01 2.886588758056054996e-08 1.072008569193461107e-07
-9.999999999999985567e-01 -4.916951056276718688e-08 1.994368876174011719e-08
-9.999999999999986677e-01 4.020219835150632680e-09 -5.151882980763610290e-08
-9.999999999999996669e-01 1.763975466840414312e-08 2.307862662659719634e-08
-9.999999999999998890e-01 -1.594385100577702197e-08 8.976453526634438831e-10
-1.000000000000000000e+00 8.793272899050716639e-09 -9.105142356576680796e-09
-1.000000000000000000e+00 -3.717366292225879513e-09 9.058546640742446542e-09
-1.000000000000000000e+00 1.296892049647421592e-09 -6.821305681244739400e-09
