2.000000000000000042e-02
1.920000000000000179e-02
1.839999999999999969e-02
1.760000000000000106e-02
1.679999999999999896e-02
1.600000000000000033e-02
1.519999999999999997e-02
1.439999999999999961e-02
1.360000000000000098e-02
1.279999999999999888e-02
1.200000000000000025e-02
1.119999999999999989e-02
1.039999999999999952e-02
9.599999999999999159e-03
8.800000000000000530e-03
8.000000000000000167e-03
7.199999999999999803e-03
6.399999999999999439e-03
5.599999999999999076e-03
4.800000000000000447e-03
4.000000000000000083e-03
3.199999999999997985e-03
2.399999999999999356e-03
1.600000000000000727e-03
7.999999999999986289e-04
0.000000000000000000e+00
-8.000000000000020983e-04
-1.600000000000000727e-03
-2.399999999999999356e-03
-3.200000000000001454e-03
-4.000000000000000083e-03
-4.800000000000002182e-03
-5.600000000000000810e-03
-6.399999999999999439e-03
-7.200000000000001538e-03
-8.000000000000000167e-03
-8.800000000000002265e-03
-9.600000000000000894e-03
-1.039999999999999952e-02
-1.120000000000000162e-02
-1.200000000000000025e-02
-1.280000000000000235e-02
-1.360000000000000445e-02
-1.439999999999999961e-02
-1.520000000000000170e-02
-1.600000000000000380e-02
-1.679999999999999896e-02
-1.760000000000000106e-02
-1.840000000000000316e-02
-1.919999999999999832e-02
-2.000000000000000042e-02
