-9.999999999997496447e-01 6.115050778079801592e-07 -3.562129330890063114e-07
-9.999999999843391940e-01 5.595675288998490687e-06 -9.962523733180924197e-08
-9.999999999961652897e-01 2.754143807800552659e-06 2.902530174599399299e-07
-9.999999999916489024e-01 -4.078472754941868506e-06 2.610098175983016731e-07
-9.999999999877351442e-01 -4.950576000552411018e-06 -1.467463481228907174e-07
-9.999999999985679233e-01 1.660386507517696044e-06 -3.274350432401113319e-07
-9.999999999834799924e-01 5.748038917376736850e-06 -4.343910503353599790e-09
-9.999999999996983524e-01 7.087634684823881574e-07 3.179722474823658142e-07
-9.999999999847062337e-01 -5.529269773445788447e-06 1.210793816932042210e-07
-9.999999999968167685e-01 -2.508627340399850449e-06 -2.706662413585678903e-07
-9.999999999880957446e-01 4.875608896274060514e-06 -1.919153284566885142e-07
-9.999999999934316985e-01 3.617752258770056437e-06 2.198319555892243100e-07
-9.999999999907688286e-01 -4.290979866847495954e-06 2.232391925262605772e-07
-9.999999999915180071e-01 -4.114470122694915983e-06 -1.872713685733782490e-07
-9.999999999915500926e-01 4.104772810209300476e-06 -2.251318397759550829e-07
-9.999999999917309479e-01 4.062621645872987231e-06 1.826338279000164468e-07
-9.999999999900253123e-01 -4.461916471716649732e-06 2.013118412582137342e-07
-9.999999999943727236e-01 -3.348521806816322401e-06 -2.050370277393803836e-07
-9.999999999861542976e-01 5.260275560124323815e-06 -1.445120227315203818e-07
-9.999999999986528554e-01 1.623912548109475851e-06 2.391429246352840030e-07
-9.999999999825798236e-01 -5.902437736192501053e-06 4.050191099741826580e-08
-9.999999999989491739e-01 1.429134447350299923e-06 -2.435960998968196593e-07
-9.999999999878428358e-01 4.929777048015332535e-06 1.069497881979775137e-07
-9.999999999874867873e-01 -5.000426248481374692e-06 1.488655834771009960e-07
-9.999999999998305800e-01 -5.396505054929373058e-07 -2.178628217218095378e-07
-9.999999999858115718e-01 5.326525652202383318e-06 6.983907169816688066e-08
-9.999999999855222477e-01 -5.379763448350213508e-06 1.167245185564357886e-07
-9.999999999984494625e-01 1.749990362520072252e-06 -1.964638420224825448e-07
-9.999999999971260767e-01 2.392115054603820685e-06 1.596152590712136367e-07
-9.999999999874750189e-01 -5.004436777723404888e-06 -7.402434059594259409e-08
-9.999999999822880570e-01 5.951800854030082639e-06 1.131636179378046801e-09
-9.999999999815180063e-01 -6.079711615765098490e-06 3.404729238004964867e-08
-9.999999999813240503e-01 6.111548957661345840e-06 -2.859855857112104539e-08
-9.999999999835914588e-01 -5.728581159504776193e-06 -1.870101067874197932e-08
-9.999999999972055686e-01 2.362183061275578232e-06 9.416987618044221349e-08
-9.999999999841868714e-01 5.623252136026212312e-06 -7.226012471145043448e-08
-9.999999999914558346e-01 4.133048853049654914e-06 -7.910811599659199598e-08
-9.999999999790090133e-01 -6.479078630770966132e-06 5.985368007349962141e-08
9.969361102909420902e-01 -7.773574360624113666e-02 -8.691729629433243842e-03
9.999999951754482419e-01 9.820919094561001231e-05 2.014508626417750399e-06
9.999999999880957446e-01 -4.875608894953308298e-06 -1.919153282346439093e-07
1.000000000000000000e+00 -2.974975177997002032e-09 6.637296840271553736e-11
1.000000000000000000e+00 -1.806799835029884243e-12 -1.548189000479482399e-14
9.999999999996983524e-01 -7.087634604493691959e-07 3.179722470382766043e-07
1.000000000000000000e+00 4.503737154185008869e-10 -1.820434301600518762e-10
9.999999999985679233e-01 -1.660386509524840139e-06 -3.274350434621559369e-07
1.000000000000000000e+00 -2.201354010869798953e-09 -1.514658896604307398e-10
1.000000000000000000e+00 3.159465880534151124e-13 -1.042997319748073472e-13
9.999999999961652897e-01 -2.754143802863466543e-06 2.902530181260737447e-07
1.000000000000000000e+00 2.303789802690353969e-09 -1.273649461972629166e-10
9.999999999997496447e-01 -6.115050916876438274e-07 -3.562129330890063114e-07
