9.999999999997496447e-01 -6.115050916876438274e-07 -3.562129330890063114e-07
1.000000000000000000e+00 -5.926026565159001235e-10 1.961111885697571683e-10
9.999999999961652897e-01 -2.754143802863466543e-06 2.902530181260737447e-07
1.000000000000000000e+00 -3.235217672218076626e-09 2.541351035521964035e-11
1.000000000000000000e+00 -1.493272852875740036e-12 5.424011594166500675e-14
9.999999999985679233e-01 -1.660386509524840139e-06 -3.274350434621559369e-07
1.000000000000000000e+00 9.114067049811827405e-10 1.885012758697664953e-10
9.999999999996983524e-01 -7.087634604493691959e-07 3.179722470382766043e-07
1.000000000000000000e+00 -1.646949488579301982e-09 1.547118601599047810e-10
1.000000000000000000e+00 9.199079134495002199e-13 9.420814482817064220e-14
9.999999999880957446e-01 -4.875608894953308298e-06 -1.919153282346439093e-07
1.000000000000000000e+00 3.293768568321248455e-09 -2.250216107536764072e-11
9.999999999907688286e-01 4.290979873316309442e-06 2.232391925262605772e-07
9.999999999915180071e-01 4.114470113463615499e-06 -1.872713690174674589e-07
9.999999999915500926e-01 -4.104772806164209086e-06 -2.251318395539104780e-07
1.000000000000000000e+00 3.422959448537149870e-09 3.400130749530015445e-11
9.999999999900253123e-01 4.461916468957173091e-06 2.013118414802583392e-07
9.999999999943727236e-01 3.348521798236131908e-06 -2.050370281834695935e-07
9.999999999861542976e-01 -5.260275556379580991e-06 -1.445120220653865671e-07
1.000000000000000000e+00 2.647742224789745666e-09 -8.444772086814302821e-11
9.999999999825798236e-01 5.902437720527784588e-06 4.050191033128445103e-08
9.999999999989491739e-01 -1.429134460721441114e-06 -2.435961005629534741e-07
1.000000000000000000e+00 2.317546798233089208e-09 1.209069013276983145e-10
9.999999999874867873e-01 5.000426245436703752e-06 1.488655830330117861e-07
9.999999999998305800e-01 5.396505121844501553e-07 -2.178628210556757231e-07
9.999999999858115718e-01 -5.326525638826603139e-06 6.983907080998846096e-08
1.000000000000000000e+00 -3.546106764465711461e-09 -3.141725196310764450e-11
1.000000000000000000e+00 9.358951250041024741e-13 3.403405689348715771e-14
9.999999999971260767e-01 -2.392115055166873131e-06 1.596152592932582416e-07
1.000000000000000000e+00 1.348509963552904727e-10 1.109155602398866678e-10
9.999999999822880570e-01 -5.951800840421825797e-06 1.131636179378046801e-09
1.000000000000000000e+00 -3.624771838920131853e-09 -1.965177448194501381e-11
1.000000000000000000e+00 3.612436874581214993e-13 -3.346750300372235995e-14
9.999999999835914588e-01 5.728581172856906365e-06 -1.870101067874197932e-08
9.999999999972055686e-01 -2.362183056429908146e-06 9.416987618044221349e-08
1.000000000000000000e+00 3.937771641412674359e-09 -9.776340677904246386e-12
9.999999999914558346e-01 -4.133048844718859720e-06 -7.910811599659199598e-08
1.000000000000000000e+00 6.397733653281939911e-09 1.480333095348194432e-11
-9.969361102909067851e-01 7.773574360669391337e-02 -8.691729629426138415e-03
-9.999999951754482419e-01 -9.820919094972927583e-05 2.014508627972062634e-06
-9.999999999880957446e-01 4.875608896274060514e-06 -1.919153284566885142e-07
-9.999999999968167685e-01 -2.508627340399850449e-06 -2.706662413585678903e-07
-9.999999999847062337e-01 -5.529269773445788447e-06 1.210793816932042210e-07
-9.999999999996983524e-01 7.087634684823881574e-07 3.179722474823658142e-07
-9.999999999834799924e-01 5.748038917376736850e-06 -4.343910503353599790e-09
-9.999999999985679233e-01 1.660386507517696044e-06 -3.274350432401113319e-07
-9.999999999877351442e-01 -4.950576000552411018e-06 -1.467463481228907174e-07
-9.999999999916489024e-01 -4.078472754941868506e-06 2.610098175983016731e-07
-9.999999999961652897e-01 2.754143807800552659e-06 2.902530174599399299e-07
-9.999999999843391940e-01 5.595675288998490687e-06 -9.962523733180924197e-08
-9.999999999997496447e-01 6.115050778079801592e-07 -3.562129330890063114e-07
